TIMECODE,ACC_X,ACC_Y,ACC_Z,GYR_X,GYR_Y,GYR_Z,TAG
00:00:00:0,0.168,-0.241,0.998,183.593,-267.273,165.893,
00:00:00:16,0.118,-0.254,1.014,112.121,-288.514,164.672,
00:00:00:33,0.086,-0.271,1.029,135.376,-236.023,172.607,
00:00:00:50,0.067,-0.264,1.012,92.163,-222.107,135.009,
00:00:00:66,0.037,-0.174,1.017,40.344,-194.153,119.079,
00:00:00:83,0.008,-0.113,0.999,1.525,-165.406,91.735,
00:00:00:100,0.042,-0.033,0.982,-22.95,-147.156,67.688,
00:00:00:116,0.054,-0.113,1.028,-19.776,-178.772,68.664,
00:00:00:133,0.009,-0.216,1.035,-34.79,-167.603,54.87,
00:00:00:150,0.045,-0.156,1.073,-57.129,-126.709,42.785,
00:00:00:166,0.018,-0.136,1.07,-51.087,-53.894,54.138,
00:00:00:183,0.018,-0.085,0.971,44.677,31.25,28.991,
00:00:00:200,0.055,-0.069,1.004,26.428,47.241,8.117,
00:00:00:216,0.076,-0.113,0.99,22.277,52.063,-35.279,
00:00:00:233,0.039,-0.245,1.011,22.583,106.933,-30.091,
00:00:00:250,0.085,-0.29,1.022,-0.306,129.516,9.521,
00:00:00:266,0.086,-0.237,0.982,-64.087,103.515,-17.334,
00:00:00:283,0.089,-0.171,0.995,-94.056,85.449,0.366,
00:00:00:300,0.068,-0.093,0.998,-31.25,75.378,6.713,
00:00:00:316,0.052,-0.097,1.05,-3.235,78.308,20.935,
00:00:00:333,0.048,-0.131,1.013,62.927,139.648,-3.357,
00:00:00:350,0.082,-0.126,0.978,72.082,146.911,-7.691,
00:00:00:366,0.098,-0.129,1.018,45.288,137.573,-0.977,
00:00:00:383,0.143,-0.21,1.047,92.956,173.523,20.263,
00:00:00:400,0.126,-0.252,1.023,101.867,200.5,-14.466,
00:00:00:416,0.124,-0.299,0.99,84.411,248.352,15.014,
00:00:00:433,0.261,-0.238,0.968,-78.553,168.518,82.58,
00:00:00:450,0.289,-0.156,0.953,-81.482,77.941,123.169,
00:00:00:466,0.268,-0.231,0.921,-49.5,-3.846,114.135,
00:00:00:483,0.236,-0.215,0.886,-46.814,-71.717,88.378,
00:00:00:500,0.189,-0.172,0.839,-39.917,-110.169,46.447,
00:00:00:516,0.139,-0.103,0.842,-27.955,-124.451,-0.306,
00:00:00:533,0.101,0.037,0.796,54.87,-140.015,-73.426,
00:00:00:550,-0.018,0.24,0.797,260.62,-152.955,-188.233,
00:00:00:566,-0.083,0.196,0.789,476.989,-114.747,-250.977,
00:00:00:583,0.068,-0.282,1.324,180.053,-35.279,-26.978,
00:00:00:600,0.109,-0.337,1.316,166.626,-105.713,-40.162,
00:00:00:616,-0.012,-0.396,1.043,130.188,-119.141,-49.378,
00:00:00:633,-0.005,-0.408,0.939,64.27,-50.782,-39.002,
00:00:00:650,0.139,-0.37,0.935,-7.508,8.056,-12.696,
00:00:00:666,0.175,-0.258,0.979,-80.75,-24.72,-39.49,
00:00:00:683,0.139,-0.157,0.977,-103.455,-4.212,-52.979,
00:00:00:700,0.159,-0.176,0.987,-81.971,10.498,-52.552,
00:00:00:716,0.096,-0.215,0.96,38.94,-26.185,-59.205,
00:00:00:733,0.092,-0.238,0.962,79.406,-39.124,-45.533,
00:00:00:750,0.075,-0.261,0.998,66.955,-14.283,-44.983,
00:00:00:766,0.08,-0.278,0.962,43.823,5.554,-37.964,
00:00:00:783,0.106,-0.283,0.947,19.165,2.197,-16.419,
00:00:00:800,0.126,-0.296,0.956,13.794,-43.519,1.159,
00:00:00:816,0.126,-0.28,0.99,4.76,-79.102,19.775,
00:00:00:833,0.088,-0.239,1.039,-22.4,-95.765,-0.977,
00:00:00:850,0.058,-0.235,0.997,-28.504,-49.866,-20.386,
00:00:00:866,0.083,-0.21,0.979,-5.616,-35.889,-16.663,
00:00:00:883,0.097,-0.222,0.969,36.377,-54.139,-37.415,
00:00:00:900,0.089,-0.231,0.977,68.481,-68.726,-43.763,
00:00:00:916,0.073,-0.261,1.005,65.612,-52.43,-55.726,
00:00:00:933,0.061,-0.261,0.992,60.119,-22.217,-68.909,
00:00:00:950,0.061,-0.285,0.964,42.175,6.958,-69.458,
00:00:00:966,0.081,-0.301,0.966,21.362,6.652,-59.754,
00:00:00:983,0.084,-0.309,0.948,5.615,-10.743,-48.035,
00:00:01:0,0.072,-0.269,0.97,3.051,-8.973,-47.608,
00:00:01:16,0.072,-0.274,0.971,21.179,-19.104,-45.533,
00:00:01:33,0.068,-0.292,0.975,26.245,-25.696,-42.42,
00:00:01:50,0.068,-0.28,0.982,3.418,-18.128,-36.927,
00:00:01:66,0.065,-0.288,0.969,-15.076,-15.076,-34.913,
00:00:01:83,0.069,-0.283,0.97,-19.165,-15.198,-27.466,
00:00:01:100,0.072,-0.269,0.97,-5.982,-30.579,-23.926,
00:00:01:116,0.064,-0.254,0.986,10.437,-35.889,-23.499,
00:00:01:133,0.049,-0.278,0.976,41.687,-25.696,-31.373,
00:00:01:150,0.06,-0.29,0.963,90.759,-48.645,-85.144,
00:00:01:166,0.053,-0.297,0.996,30.456,-30.579,-28.687,
00:00:01:183,0.059,-0.282,0.961,30.395,-18.799,-50.11,
00:00:01:200,0.06,-0.279,0.974,38.757,-33.326,-46.204,
00:00:01:216,0.04,-0.288,0.977,24.536,-28.26,-42.847,
00:00:01:233,0.048,-0.291,0.971,18.737,-17.823,-32.044,
00:00:01:250,0.058,-0.294,0.971,9.826,-17.395,-25.696,
00:00:01:266,0.05,-0.308,0.965,10.192,-24.17,-27.283,
00:00:01:283,0.045,-0.305,0.966,2.319,-23.438,-24.537,
00:00:01:300,0.046,-0.312,0.972,-5.433,-21.424,-25.33,
00:00:01:316,0.04,-0.307,0.973,-8.606,-18.067,-24.17,
00:00:01:333,0.033,-0.294,0.981,-28.199,-3.724,-25.086,
00:00:01:350,0.037,-0.298,0.97,-24.72,6.53,-27.405,
00:00:01:366,0.049,-0.281,0.969,-18.921,8.728,-29.725,
00:00:01:383,0.047,-0.296,0.971,-22.95,3.173,-30.579,
00:00:01:400,0.042,-0.3,0.971,-22.339,8.85,-30.884,
00:00:01:416,0.05,-0.298,0.961,-18.311,10.009,-27.832,
00:00:01:433,0.054,-0.298,0.98,-25.574,0.427,-28.565,
00:00:01:450,0.034,-0.295,0.98,-24.109,7.629,-38.025,
00:00:01:466,0.037,-0.297,0.963,-21.058,17.639,-32.654,
00:00:01:483,0.052,-0.292,0.969,-13.123,12.756,-31.678,
00:00:01:500,0.047,-0.287,0.965,-8.606,1.464,-32.044,
00:00:01:516,0.043,-0.288,0.974,1.586,-1.16,-33.02,
00:00:01:533,0.039,-0.28,0.979,6.164,3.356,-36.683,
00:00:01:550,0.038,-0.301,0.972,8.422,10.07,-33.143,
00:00:01:566,0.039,-0.311,0.969,1.22,14.953,-30.274,
00:00:01:583,0.042,-0.31,0.967,-5.31,13.244,-29.969,
00:00:01:600,0.044,-0.308,0.963,-8.484,10.742,-29.602,
00:00:01:616,0.048,-0.3,0.973,-11.109,6.713,-27.344,
00:00:01:633,0.041,-0.299,0.975,-16.297,3.967,-26.612,
00:00:01:650,0.041,-0.3,0.965,-23.682,11.901,-22.461,
00:00:01:666,0.047,-0.303,0.971,-25.635,15.869,-19.654,
00:00:01:683,0.046,-0.298,0.964,-19.837,6.53,-17.579,
00:00:01:700,0.041,-0.274,0.968,-4.822,3.418,-24.353,
00:00:01:716,0.048,-0.318,0.967,12.878,7.019,-30.701,
00:00:01:733,0.041,-0.315,0.974,-6.226,5.249,-27.771,
00:00:01:750,0.044,-0.288,0.969,-16.846,5.493,-22.4,
00:00:01:766,0.048,-0.296,0.966,-9.278,6.836,-21.485,
00:00:01:783,0.048,-0.304,0.966,-9.522,-3.968,-17.823,
00:00:01:800,0.044,-0.314,0.964,-29.786,-6.348,-12.757,
00:00:01:816,0.041,-0.309,0.967,-19.959,-5.066,-6.897,
00:00:01:833,0.038,-0.296,0.967,-10.193,11.962,-17.273,
00:00:01:850,0.049,-0.317,0.96,-12.33,15.136,-8.118,
00:00:01:866,0.05,-0.299,0.966,-15.992,5.737,-8.851,
00:00:01:883,0.039,-0.299,0.971,-9.888,4.333,-16.846,
00:00:01:900,0.038,-0.283,0.979,-26.917,11.718,-21.973,
00:00:01:916,0.045,-0.278,0.981,-27.649,20.813,-21.607,
00:00:01:933,2.764,-0.892,1.451,13586.682,13656.356,10662.776,
00:00:01:950,0.04,-0.301,0.968,-7.63,27.282,-35.523,
00:00:01:966,0.042,-0.304,0.971,-10.193,32.348,-35.279,
00:00:01:983,0.046,-0.315,0.961,-22.522,37.17,-35.889,
00:00:02:0,0.051,-0.305,0.963,-26.978,36.865,-32.898,
00:00:02:16,0.057,-0.293,0.982,-28.016,27.954,-35.035,
00:00:02:33,0.047,-0.292,0.979,-21.18,31.127,-39.551,
00:00:02:50,0.046,-0.3,0.966,-18.616,36.193,-37.598,
00:00:02:66,0.055,-0.31,0.957,-20.752,35.705,-33.448,
00:00:02:83,0.062,-0.31,0.962,-24.109,24.047,-33.692,
00:00:02:100,0.055,-0.301,0.972,-23.499,15.197,-34.302,
00:00:02:116,0.052,-0.298,0.968,-17.762,20.69,-31.678,
00:00:02:133,0.054,-0.294,0.978,-18.067,22.216,-31.556,
00:00:02:150,0.054,-0.301,0.966,-24.353,17.639,-28.26,
00:00:02:166,0.055,-0.299,0.97,-25.818,19.714,-26.551,
00:00:02:183,0.059,-0.298,0.963,-18.555,15.441,-25.391,
00:00:02:200,0.057,-0.295,0.97,-15.32,9.582,-22.767,
00:00:02:216,0.054,-0.293,0.966,-15.076,8.178,-21.851,
00:00:02:233,0.053,-0.297,0.971,-11.963,8.972,-13.489,
00:00:02:250,0.052,-0.302,0.969,3.112,14.77,-32.593,
00:00:02:266,0.055,-0.325,0.964,-11.658,13.488,-23.255,
00:00:02:283,0.056,-0.282,0.972,-19.776,12.512,-22.644,
00:00:02:300,0.065,-0.281,0.967,-2.076,6.164,-24.598,
00:00:02:316,0.059,-0.292,0.972,-6.287,0.549,-24.964,
00:00:02:333,0.049,-0.304,0.971,-10.132,9.765,-29.114,
00:00:02:350,0.053,-0.308,0.965,-12.33,13.122,-32.105,
00:00:02:366,0.059,-0.302,0.963,-20.203,13.855,-32.105,
00:00:02:383,0.06,-0.305,0.968,-19.837,10.681,-31.189,
00:00:02:400,0.054,-0.295,0.971,-18.25,4.943,-33.57,
00:00:02:416,0.055,-0.3,0.971,-20.386,10.192,-29.48,
00:00:02:433,0.057,-0.298,0.966,-17.273,10.925,-28.626,
00:00:02:450,0.061,-0.308,0.966,-20.569,5.737,-27.039,
00:00:02:466,0.06,-0.297,0.971,-15.442,-2.991,-26.429,
00:00:02:483,0.054,-0.292,0.97,-8.484,-2.381,-29.664,
00:00:02:500,0.054,-0.296,0.97,-7.874,-2.625,-28.687,
00:00:02:516,0.054,-0.305,0.968,-17.212,3.479,-27.039,
00:00:02:533,0.048,-0.302,0.972,-21.119,6.469,-29.114,
00:00:02:550,0.059,-0.295,0.972,-7.569,-0.061,-24.903,
00:00:02:566,0.056,-0.288,0.974,2.929,-1.587,-26.673,
00:00:02:583,0.048,-0.301,0.973,-3.357,5.188,-26.123,
00:00:02:600,0.047,-0.319,0.974,-19.898,21.484,-24.72,
00:00:02:616,0.051,-0.323,0.963,-36.255,29.907,-25.269,
00:00:02:633,0.037,-0.321,0.975,-69.336,40.832,-23.804,
00:00:02:650,0.005,-0.341,1.07,-115.906,159.179,-27.588,
00:00:02:666,-0.116,0.036,1.556,-188.721,540.832,-100.342,
00:00:02:683,0.072,-1.628,3.62,-411.255,1073.059,-434.632,
00:00:02:700,3.537,-1.642,3.999,1340.271,-648.133,-634.705,
00:00:02:716,3.319,-3.834,2.974,836.547,-1922.303,-1614.625,
00:00:02:733,1.916,-1.072,2.481,-597.29,-2000,-1322.51,
00:00:02:750,0.249,-2.094,1.693,-1009.461,-2000,-2000,
00:00:02:766,0.981,0.197,1.044,-1961.304,-2000,-2000,
00:00:02:783,1.238,0.503,-0.386,-1401.429,-2000,-2000,
00:00:02:800,1.784,0.391,-2.373,-794.678,-2000,-2000,
00:00:02:816,1.16,1.195,-4,-412.72,-2000,-2000,
00:00:02:833,-0.14,3.054,-4,-560.12,-1737.61,-1584.168,
00:00:02:850,-0.404,1.957,-3.278,-212.159,484.314,-366.394,
00:00:02:866,0.432,1.869,-2.087,307.19,1952.758,743.469,
00:00:02:883,0.748,0.843,-1.619,638.855,1999.694,1238.83,
00:00:02:900,0.895,0.474,-1.273,561.706,1999.694,1393.798,
00:00:02:916,0.864,0.063,-0.181,560.913,1999.694,1323.486,
00:00:02:933,0.722,-0.687,0.516,572.631,1999.694,1352.6,
00:00:02:950,0.595,-1,1.668,516.235,1999.694,1294.067,
00:00:02:966,0.215,-1.006,1.322,572.387,1999.694,1209.533,
00:00:02:983,0.554,-0.745,0.968,613.708,1999.694,720.459,
00:00:03:0,0.736,-1.114,1.357,404.968,1999.694,381.347,
00:00:03:16,0.555,-0.866,2.816,133.3,1857.849,264.465,
00:00:03:33,0.567,-1.11,3.043,99.06,1874.878,408.935,
00:00:03:50,0.69,-0.606,2.342,8.85,1641.113,549.072,
00:00:03:66,2.38,-2.134,3.447,987.548,-20.203,1197.143,
00:00:03:83,-0.224,-0.308,0.626,-55.115,-1247.01,-803.04,
00:00:03:100,-0.594,0.075,1.318,406.677,-450.989,-388.123,
00:00:03:116,0.036,-0.606,0.418,126.648,142.395,-83.008,
00:00:03:133,0.051,-0.18,0.231,-148.377,289.184,115.051,
00:00:03:150,0.696,-0.476,1.71,-92.713,554.626,187.378,
00:00:03:166,0.313,0.891,1.23,-171.692,-374.207,184.814,
00:00:03:183,-0.239,-0.243,0.769,283.691,-479.004,-84.29,
00:00:03:200,-0.053,-0.407,0.89,188.11,239.807,-23.743,
00:00:03:216,0.427,-0.503,1.094,-11.17,-25.513,-35.828,
00:00:03:233,-0.03,-0.108,0.943,-32.227,-243.226,-41.932,
00:00:03:250,-0.083,-0.192,1.064,92.102,61.218,-53.101,
00:00:03:266,0.182,-0.347,0.936,82.214,68.542,-33.326,
00:00:03:283,0.094,-0.389,0.944,1.403,-93.201,-16.297,
00:00:03:300,-0.006,-0.383,0.947,-31.189,-64.515,-2.869,
00:00:03:316,0.07,-0.352,0.961,-74.585,-7.569,6.347,
00:00:03:333,0.117,-0.204,0.931,-62.012,-7.569,-5.188,
00:00:03:350,0.117,-0.209,0.991,-12.635,-22.644,-7.874,
00:00:03:366,0.051,-0.216,0.992,41.076,-27.405,-8.484,
00:00:03:383,0.029,-0.322,0.972,61.035,-24.659,2.502,
00:00:03:400,0.035,-0.393,0.973,-6.897,-9.827,7.751,
00:00:03:416,0.07,-0.324,0.972,-67.322,7.446,-0.123,
00:00:03:433,0.049,-0.278,0.978,-69.336,26.123,-20.874,
00:00:03:450,0.035,-0.249,1.017,-76.111,43.457,-31.067,
00:00:03:466,0.008,-0.23,1.05,-52.796,84.533,-52.796,
00:00:03:483,0.008,-0.275,1.034,-22.461,147.766,-82.032,
00:00:03:500,0.045,-0.344,1.055,-63.66,183.838,-69.764,
00:00:03:516,0.006,-0.339,0.993,-168.58,185.791,-94.422,
00:00:03:533,-0.032,-0.284,1.003,-211.853,166.381,-126.038,
00:00:03:550,-0.065,-0.279,1.009,-247.559,129.821,-130.738,
00:00:03:566,-0.13,-0.187,0.97,-216.431,41.198,-193.97,
00:00:03:583,-0.154,-0.425,1.118,-275.391,30.212,-157.959,
00:00:03:600,-0.108,-0.155,1.197,-424.5,-16.053,-93.262,
00:00:03:616,-0.107,-0.029,1.115,-364.014,-52.185,-97.718,
00:00:03:633,-0.138,-0.179,0.927,-274.964,-48.035,-125.55,
00:00:03:650,-0.12,-0.212,0.854,-302.063,-59.876,-151.734,
00:00:03:666,-0.021,-0.202,0.941,-306.336,-94.3,-162.537,
00:00:03:683,0.081,-0.34,1.018,-462.098,-132.142,-143.433,
00:00:03:700,0.177,-0.237,1.04,-585.877,-208.619,-101.441,
00:00:03:716,0.159,-0.205,1.12,-588.807,-226.319,-116.333,
00:00:03:733,0.179,-0.169,1.073,-591.675,-228.089,-110.596,
00:00:03:750,0.149,-0.089,0.998,-651.123,-243.042,-92.652,
00:00:03:766,0.155,0.054,0.955,-678.711,-245.423,-47.059,
00:00:03:783,0.132,0.133,0.947,-664.124,-246.155,-24.231,
00:00:03:800,0.165,0.06,0.963,-656.311,-219.239,15.686,
00:00:03:816,0.152,0.105,1.021,-584.107,-150.696,-5.066,
00:00:03:833,0.221,0.077,1.01,-493.836,-73.182,-21.79,
00:00:03:850,0.215,0.163,0.945,-418.824,-32.41,-37.72,
00:00:03:866,0.257,0.162,0.864,-334.961,-44.861,-55.909,
00:00:03:883,0.185,0.065,0.905,-324.83,-83.252,-62.317,
00:00:03:900,0.117,0.111,1.066,-332.276,2.563,-82.337,
00:00:03:916,0.093,0.174,1.129,-299.561,218.322,-62.745,
00:00:03:933,0.252,0.218,1.291,-176.026,291.87,42.053,
00:00:03:950,0.13,0.066,0.726,-182.557,319.702,70.739,
00:00:03:966,0.198,0.209,0.818,-273.377,241.699,88.134,
00:00:03:983,0.101,0.153,0.851,-263.428,334.594,-31.922,
00:00:04:0,-0.017,0.241,0.668,-204.407,506.713,-153.87,
00:00:04:16,0.137,0.211,0.811,-92.225,460.388,-122.254,
00:00:04:33,0.123,0.191,0.967,-129.212,336.731,-112.366,
00:00:04:50,0.163,0.028,0.948,-343.934,215.026,-54.261,
00:00:04:66,0.063,0.364,1.008,-342.774,76.11,-55.97,
00:00:04:83,0.085,0.433,1.208,-122.986,132.812,-53.284,
00:00:04:100,0.103,0.272,1.351,-106.873,168.945,-95.093,
00:00:04:116,0.008,0.33,1.183,-205.872,265.014,-179.932,
00:00:04:133,0.126,0.022,0.82,36.743,300.598,-125.977,
00:00:04:150,0.203,-0.053,0.891,22.399,55.419,-144.837,
00:00:04:166,0.027,-0.033,0.935,25.756,194.152,-176.636,
00:00:04:183,0.128,0.144,0.949,8.239,227.783,-221.009,
00:00:04:200,0.082,0.106,1.003,40.527,267.395,-274.659,
00:00:04:216,0.074,0.174,0.94,30.7,294.555,-335.633,
00:00:04:233,0.177,0.216,0.964,18.432,224.792,-312.256,
00:00:04:250,0.222,0.141,0.955,15.808,145.63,-202.82,
00:00:04:266,0.157,0.132,0.897,-13.855,108.398,-173.706,
00:00:04:283,0.178,0.114,0.905,30.09,118.103,-150.94,
00:00:04:300,0.202,0.039,0.953,-50.843,128.479,-109.253,rollLH
00:00:04:316,0.22,0.059,0.99,-107.483,99.853,-74.769,
00:00:04:333,0.181,0.085,0.983,-89.722,90.515,-71.228,
00:00:04:350,0.165,0.163,1.026,-53.528,80.688,-101.99,
00:00:04:366,0.219,0.208,1.004,12.756,76.355,-154.664,
00:00:04:383,0.245,0.198,0.877,-101.746,38.818,-78.919,
00:00:04:400,0.245,0.371,0.877,-89.051,-5.127,-73.121,
00:00:04:416,0.211,0.282,0.883,18.798,25.451,-73.06,
00:00:04:433,0.196,0.244,0.93,71.106,89.782,-64.026,
00:00:04:450,0.211,0.152,0.975,140.38,172.363,-80.079,
00:00:04:466,0.256,0.112,1.008,182.067,169.677,-94.422,
00:00:04:483,0.258,0.07,1.01,127.197,113.647,-77.759,
00:00:04:500,0.288,0.164,1.033,26.794,21.85,-66.224,
00:00:04:516,0.334,0.322,1.079,-16.541,-114.014,-12.085,
00:00:04:533,0.216,0.372,1.145,118.774,-125.245,-48.706,
00:00:04:550,0.254,0.178,1.106,234.253,-56.946,-60.73,
00:00:04:566,0.244,0.103,1.004,227.844,-45.35,-107.483,
00:00:04:583,0.182,0.123,0.82,273.132,-72.144,-93.201,
00:00:04:600,0.173,0.065,0.786,303.955,-54.871,-103.577,
00:00:04:616,0.223,0.083,0.779,209.9,-73.121,-82.764,
00:00:04:633,0.207,0.188,0.87,147.094,-62.439,-84.29,
00:00:04:650,0.211,0.135,1.032,176.147,16.296,-66.285,
00:00:04:666,0.294,0.055,1.022,209.716,41.809,-59.937,
00:00:04:683,0.254,-0.002,0.934,215.026,-0.245,-61.524,
00:00:04:700,0.237,0.104,0.884,184.082,-63.721,-75.318,
00:00:04:716,0.168,0.154,0.901,240.661,-73.914,-52.124,
00:00:04:733,0.149,0.066,0.942,290.832,-28.992,-50.293,
00:00:04:750,0.171,-0.017,1.009,233.215,10.009,-43.396,
00:00:04:766,0.214,-0.026,1.028,163.635,11.108,-39.612,
00:00:04:783,0.199,0.043,0.921,152.71,-9.461,-39.429,
00:00:04:800,0.141,0.15,0.827,193.908,-12.818,-25.94,
00:00:04:816,0.133,0.057,0.965,246.582,58.776,-5.249,
00:00:04:833,0.269,-0.067,1.12,231.445,79.895,-24.659,
00:00:04:850,0.311,-0.191,1.117,171.447,31.982,-9.522,
00:00:04:866,0.292,-0.086,0.993,102.478,-20.691,-29.358,
00:00:04:883,0.253,-0.025,0.937,77.758,-37.11,-38.88,
00:00:04:900,0.265,0.046,0.992,80.261,-42.298,-44.556,
00:00:04:916,0.266,0.014,0.968,109.13,-53.284,-29.236,
00:00:04:933,0.186,-0.054,0.95,134.155,-52.613,-19.532,
00:00:04:950,0.189,-0.072,0.954,73.547,-38.453,-13.062,
00:00:04:966,0.188,0.019,0.968,39.245,-25.94,-16.541,
00:00:04:983,0.189,0.025,1.042,71.716,-8.912,-24.903,
00:00:05:0,0.223,-0.034,1.041,75.317,-11.414,-20.997,
00:00:05:16,0.186,-0.093,1.017,54.199,4.089,-9.034,
00:00:05:33,0.227,-0.129,0.995,30.883,4.15,-10.987,
00:00:05:50,0.263,-0.084,0.986,17.578,-4.883,-7.935,
00:00:05:66,0.258,-0.049,0.97,26.672,-18.982,-18.006,
00:00:05:83,0.243,-0.067,0.997,43.64,-20.752,-13.916,
00:00:05:100,0.239,-0.113,0.937,29.174,-17.456,-7.447,
00:00:05:116,0.232,-0.105,0.934,16.967,-11.841,-5.005,
00:00:05:133,0.232,-0.041,0.921,8.972,-1.099,15.319,
00:00:05:150,0.247,-0.033,0.965,67.016,28.686,-9.827,
00:00:05:166,0.229,-0.063,1.002,87.219,24.536,-16.419,
00:00:05:183,0.228,-0.111,1.011,45.471,21.24,-20.691,
00:00:05:200,0.237,-0.094,0.989,25.39,18.005,-23.682,
00:00:05:216,0.225,-0.082,0.937,-25.147,4.638,-17.029,
00:00:05:233,0.238,-0.1,0.975,-33.509,15.136,-26.307,
00:00:05:250,0.263,-0.086,0.994,-31.311,5.92,-23.865,
00:00:05:266,0.234,-0.082,1.045,14.526,-16.663,-18.433,
00:00:05:283,0.219,-0.121,0.999,21.545,-23.499,-10.743,
00:00:05:300,0.143,-0.084,0.957,-15.564,-16.541,-1.404,
00:00:05:316,0.173,-0.118,0.984,-35.218,1.953,12.023,
00:00:05:333,0.241,-0.092,1.007,-79.285,6.897,5.92,
00:00:05:350,0.297,-0.09,0.995,-113.038,-2.808,-28.199,
00:00:05:366,0.302,-0.075,1.006,-114.563,31.555,-65.003,
00:00:05:383,-0.035,-0.014,0.969,-21.485,93.505,-70.801,
00:00:05:400,0.065,-0.127,1.154,-64.331,104.736,-27.405,
00:00:05:416,0.084,-0.086,1.23,-69.519,78.857,11.352,
00:00:05:433,0.058,-0.136,1.151,-40.589,53.711,30.517,
00:00:05:450,0.104,-0.074,1.048,-54.322,33.264,16.784,
00:00:05:466,0.179,-0.038,0.804,48.706,23.132,25.024,
00:00:05:483,0.22,-0.108,0.838,26.855,78.796,35.034,
00:00:05:500,0.256,0.045,0.919,-15.87,124.633,39.428,
00:00:05:516,0.259,0.007,0.934,50.537,140.869,29.113,
00:00:05:533,0.285,-0.121,0.955,-2.564,143.615,-0.061,
00:00:05:550,0.316,-0.015,0.963,-63.965,133.911,-2.259,
00:00:05:566,0.506,-0.122,1.013,-42.664,70.19,-54.749,
00:00:05:583,0.503,-0.184,0.913,-11.658,8.85,-44.434,
00:00:05:600,0.467,-0.201,0.901,-6.226,-24.476,-43.457,
00:00:05:616,0.486,-0.22,0.899,-20.752,-39.246,-41.504,
00:00:05:633,0.484,-0.208,0.892,-28.199,-42.298,-64.698,
00:00:05:650,0.332,-0.001,0.782,11.413,-33.631,-66.651,
00:00:05:666,0.258,-0.041,0.846,38.696,-23.377,-64.881,
00:00:05:683,0.245,-0.072,0.959,30.761,-10.987,-49.012,
00:00:05:700,0.26,-0.076,1.088,20.935,-25.33,-26.978,
00:00:05:716,0.257,-0.139,1.081,12.512,-50.293,-15.381,
00:00:05:733,0.281,-0.093,1.073,-3.785,-77.027,-37.049,
00:00:05:750,0.258,-0.046,1.042,-26.062,-90.394,-49.988,
00:00:05:766,0.258,-0.02,1.008,-36.011,-84.229,-58.472,
00:00:05:783,0.281,-0.05,0.927,-23.499,-71.106,-68.543,
00:00:05:800,0.309,-0.042,0.87,-14.405,-48.096,-92.835,
00:00:05:816,0.31,-0.054,0.813,5.065,-10.804,-101.99,
00:00:05:833,0.336,-0.093,0.836,-2.869,30.029,-103.028,
00:00:05:850,0.348,-0.068,0.819,9.399,56.762,-126.343,
00:00:05:866,0.381,-0.088,0.807,52.002,73.242,-137.269,
00:00:05:883,0.354,-0.155,0.84,63.293,53.894,-145.691,
00:00:05:900,0.19,-0.204,0.956,-9.339,11.108,-147.461,
00:00:05:916,0.081,-0.09,1.102,-108.704,-37.537,-111.268,
00:00:05:933,0.035,0.068,1.218,-65.857,-34.852,-94.483,
00:00:05:950,0.046,0.004,1.19,37.902,-24.109,-89.173,
00:00:05:966,0.051,-0.029,1.189,43.701,-44.8,-76.539,
00:00:05:983,0.072,-0.102,1.085,16.662,-38.697,-74.036,
00:00:06:0,0.146,0.003,1.032,-48.401,-31.922,-76.294,
00:00:06:16,0.204,-0.023,1.004,-37.903,-3.479,-87.769,
00:00:06:33,0.268,-0.027,0.988,-47.242,29.113,-127.076,
00:00:06:50,0.296,-0.075,1,-57.984,70.556,-163.392,
00:00:06:66,0.442,-0.186,0.977,-53.772,74.646,-181.092,
00:00:06:83,0.459,-0.28,1.004,-74.341,69.824,-214.722,
00:00:06:100,0.519,-0.271,1.041,-144.654,26.306,-179.322,
00:00:06:116,0.437,-0.115,1.031,-169.983,-44.251,-193.909,
00:00:06:133,0.35,-0.062,0.963,-119.263,-51.819,-186.89,
00:00:06:150,0.227,-0.026,0.898,-116.517,-56.519,-171.57,
00:00:06:166,0.144,0.039,0.827,-103.211,-41.199,-128.54,
00:00:06:183,-0.01,-0.117,0.833,-71.717,5.676,-106.08,
00:00:06:200,0.083,-0.041,0.828,-93.75,28.93,-51.209,
00:00:06:216,0.116,-0.062,0.929,-90.394,10.437,-41.321,
00:00:06:233,0.166,-0.097,0.941,-68.36,-93.018,-13.245,
00:00:06:250,0.145,-0.018,1.027,-28.504,-233.033,-8.728,
00:00:06:266,0.115,-0.138,1.116,49.255,-305.42,-29.297,
00:00:06:283,-0.025,-0.013,1.037,52.551,-332.398,-5.616,
00:00:06:300,0.082,-0.144,1.065,81.176,-333.863,-47.181,
00:00:06:316,0.003,-0.003,0.948,66.589,-346.131,-61.646,
00:00:06:333,-0.052,-0.086,0.98,32.287,-299.927,-37.598,
00:00:06:350,0.021,0.129,0.991,61.767,-246.094,-3.296,
00:00:06:366,-0.045,0.014,0.89,125.793,-168.885,2.319,
00:00:06:383,-0.014,-0.002,0.821,134.46,-138.977,7.202,
00:00:06:400,0.01,-0.011,0.853,86.364,-96.192,33.813,
00:00:06:416,0.022,-0.075,0.905,67.688,-29.786,48.095,
00:00:06:433,0.072,0.039,0.889,72.692,27.404,75.317,
00:00:06:450,0.089,-0.076,0.88,150.024,76.965,39.306,
00:00:06:466,0.136,-0.096,0.864,109.924,81.604,44.494,
00:00:06:483,0.156,-0.12,0.904,79.04,95.275,46.447,
00:00:06:500,0.172,-0.138,0.983,29.052,102.356,65.063,
00:00:06:516,0.167,-0.057,1.007,54.87,126.648,56.457,
00:00:06:533,0.21,-0.062,0.959,146.789,162.353,37.597,
00:00:06:550,0.208,-0.063,0.732,223.571,134.094,31.005,
00:00:06:566,0.531,-0.59,1.612,96.923,-199.341,12.939,
00:00:06:583,0.059,-0.143,1.261,-225.281,-254.578,141.906,
00:00:06:600,0.034,0.244,1.169,331.665,-57.801,41.32,
00:00:06:616,0.237,-0.474,1.058,264.587,-107.3,32.898,
00:00:06:633,0.001,0.067,1.046,224.609,-143.921,-9.034,
00:00:06:650,0.073,-0.125,1.087,310.18,-109.803,-23.377,
00:00:06:666,0.004,-0.171,1.172,147.705,-60.486,-21.973,
00:00:06:683,-0.004,-0.022,1.12,129.821,-59.266,-4.517,
00:00:06:700,-0.042,-0.022,0.962,163.513,-51.575,4.699,
00:00:06:716,-0.073,-0.113,0.816,127.136,-13.794,21.057,
00:00:06:733,-0.041,-0.241,0.826,-53.528,6.347,40.466,
00:00:06:750,0.038,-0.181,1.028,-180.542,-2.625,43.273,
00:00:06:766,0.139,-0.083,1.096,-159.974,-15.137,39.733,
00:00:06:783,0.067,-0.018,1.159,-41.382,11.23,10.803,
00:00:06:800,0.151,-0.185,1.13,12.634,50.781,-16.175,
00:00:06:816,0.183,-0.257,1.033,60.974,34.851,-12.818,
00:00:06:833,0.182,-0.345,0.914,-2.869,4.272,-4.761,
00:00:06:850,0.164,-0.278,0.951,-22.339,-10.132,-35.462,
00:00:06:866,0.225,-0.292,0.957,-27.832,6.652,-28.016,
00:00:06:883,0.225,-0.265,0.943,-81.788,23.62,-31.373,
00:00:06:900,0.207,-0.227,0.99,-57.19,69.091,-39.551,
00:00:06:916,0.198,-0.26,1,-46.875,71.411,-30.03,
00:00:06:933,0.186,-0.248,1.007,-57.19,57.556,-50.599,
00:00:06:950,0.162,-0.273,1.029,-72.449,37.475,-69.092,
00:00:06:966,0.154,-0.245,1.057,-97.046,41.565,-107.3,
00:00:06:983,0.146,-0.149,1.012,-118.042,27.587,-78.98,
00:00:07:0,0.102,-0.122,0.919,-164.246,48.217,-81.482,
00:00:07:16,0.093,-0.188,0.942,-212.22,73.242,-76.111,
00:00:07:33,0.1,-0.298,0.908,-244.935,110.29,-31.983,
00:00:07:50,0.121,-0.198,0.915,-304.444,80.383,-33.265,
00:00:07:66,0.15,0.082,0.928,-194.153,58.288,-51.819,
00:00:07:83,0.138,-0.02,0.963,-41.81,68.786,-83.13,
00:00:07:100,0.119,-0.047,0.996,49.377,59.814,-66.468,
00:00:07:116,0.196,-0.182,0.985,50.964,61.706,-84.107,
00:00:07:133,0.261,-0.247,0.95,48.645,64.514,-63.416,
00:00:07:150,0.343,-0.368,0.901,88.317,79.65,-103.699,
00:00:07:166,0.492,-0.344,0.919,57.8,2.685,-108.399,
00:00:07:183,0.452,-0.388,1.017,-19.532,-102.845,-130.066,
00:00:07:200,0.163,-0.221,0.958,-35.645,-160.523,-129.212,
00:00:07:216,0.164,-0.365,1.038,72.082,-151.123,-151.185,
00:00:07:233,0.152,-0.219,0.995,4.15,-166.748,-146.363,
00:00:07:250,0.013,-0.039,0.933,12.268,-139.771,-117.005,
00:00:07:266,-0.06,0.111,0.815,94.238,-110.779,-88.685,
00:00:07:283,-0.114,-0.018,0.911,92.773,-66.834,-103.821,
00:00:07:300,-0.07,0.01,1.005,12.695,-84.412,-82.764,
00:00:07:316,-0.154,0.006,1.14,-32.349,-79.102,-88.623,
00:00:07:333,-0.171,0.059,1.107,5.798,-61.951,-71.778,
00:00:07:350,-0.172,0.098,0.979,76.232,-67.505,-50.232,
00:00:07:366,-0.186,0.041,1.063,108.642,-68.299,-59.937,
00:00:07:383,-0.011,-0.096,0.976,133.484,-72.083,-16.846,
00:00:07:400,0,-0.167,0.981,88.806,-103.638,-0.916,
00:00:07:416,0.005,-0.153,0.933,83.374,-10.376,-13.367,
00:00:07:433,0.189,-0.232,0.97,111.877,38.696,-3.663,
00:00:07:450,0.104,-0.234,0.946,19.714,1.892,-1.648,
00:00:07:466,0.067,-0.244,0.935,-5.188,11.535,2.014,
00:00:07:483,0.08,-0.268,1.035,-45.35,11.718,4.76,
00:00:07:500,0.095,-0.062,1.09,-50.477,-0.733,-21.79,
00:00:07:516,0.006,-0.116,1.074,35.095,30.822,-14.771,
00:00:07:533,-0.013,-0.149,1.018,44.555,20.874,-1.77,
00:00:07:550,-0.005,-0.266,1.008,-2.503,27.099,25.085,
00:00:07:566,0.046,-0.197,1.008,8.972,14.038,56.884,
00:00:07:583,0.069,-0.236,0.984,49.682,8.911,52.612,
00:00:07:600,0.081,-0.139,1.014,52.429,-5.982,43.518,
00:00:07:616,0.17,-0.244,1.001,50.842,32.104,12.634,
00:00:07:633,0.204,-0.282,0.985,2.502,18.005,-4.639,
00:00:07:650,0.206,-0.309,0.984,35.888,30.639,-25.147,
00:00:07:666,0.223,-0.33,0.994,34.362,24.536,-44.617,
00:00:07:683,0.137,-0.212,0.987,23.254,25.756,-50.415,
00:00:07:700,0.078,-0.213,0.941,33.752,33.874,-35.523,
00:00:07:716,0.02,-0.21,0.968,18.615,31.738,-12.513,
00:00:07:733,0.026,-0.212,1.016,-48.645,62.377,17.334,
00:00:07:750,0.061,-0.3,1.125,-64.026,55.969,21.118,
00:00:07:766,0.06,-0.202,1.064,-78.858,7.873,6.836,
00:00:07:783,0.024,-0.113,0.976,-35.889,-3.602,-10.315,
00:00:07:800,0.033,-0.144,0.976,-0.794,11.718,-9.217,
00:00:07:816,0.1,-0.275,0.977,-17.701,23.925,-22.095,
00:00:07:833,0.121,-0.169,0.924,-88.501,26.123,-11.597,
00:00:07:850,0.078,-0.153,0.976,-61.158,58.837,-32.898,
00:00:07:866,0.077,-0.079,0.937,-36.56,59.021,-21.607,
00:00:07:883,0.001,-0.099,1.049,2.685,89.66,-14.039,
00:00:07:900,0.085,-0.323,1.064,-14.161,98.327,6.408,
00:00:07:916,0.114,-0.325,1.083,-67.566,51.147,13.732,
00:00:07:933,0.145,-0.301,1.048,-55.42,32.165,12.695,
00:00:07:950,0.173,-0.283,0.997,-50.11,1.77,2.258,
00:00:07:966,0.105,-0.131,0.848,-30.823,-37.232,-2.625,
00:00:07:983,0.072,-0.137,0.879,-7.569,20.69,0.976,
00:00:08:0,0.147,-0.288,0.936,-67.872,40.588,17.456,
00:00:08:16,0.131,-0.153,0.984,-96.009,28.991,24.963,
00:00:08:33,0.114,-0.163,1.03,-44.8,43.823,25.146,
00:00:08:50,0.11,-0.178,1.064,-25.818,28.137,41.076,
00:00:08:66,0.054,-0.202,1.041,5.92,4.089,36.804,
00:00:08:83,0.079,-0.247,1.029,-9.095,8.483,38.208,
00:00:08:100,0.106,-0.253,0.981,-54.749,14.099,41.626,
00:00:08:116,0.056,-0.037,0.876,-89.356,-12.818,59.936,
00:00:08:133,0.023,-0.068,0.99,-46.814,40.344,55.786,
00:00:08:150,0.117,-0.17,1.062,-47.242,91.613,31.066,
00:00:08:166,0.186,-0.264,1.051,-34.79,105.835,12.756,
00:00:08:183,0.301,-0.332,1.056,-52.063,113.464,-6.531,
00:00:08:200,0.391,-0.354,1.055,-100.159,97.839,-36.133,
00:00:08:216,0.407,-0.307,0.952,-132.691,86.669,-82.276,
00:00:08:233,0.264,-0.197,0.888,-154.175,79.467,-119.751,
00:00:08:250,0.241,-0.198,0.914,-139.1,118.103,-155.762,
00:00:08:266,0.296,-0.312,0.829,-184.815,153.442,-138.001,
00:00:08:283,0.297,-0.248,0.751,-217.652,116.821,-134.339,
00:00:08:300,0.258,-0.156,0.836,-142.762,72.265,-144.837,
00:00:08:316,0.214,-0.242,0.9,-9.278,109.375,-129.7,rollLH
00:00:08:333,0.217,-0.366,0.916,-45.533,113.464,-99.732,
00:00:08:350,0.204,-0.221,1.088,-99.122,41.748,-89.539,
00:00:08:366,0.132,-0.16,1.081,-72.449,43.64,-77.088,
00:00:08:383,0.072,-0.088,1.012,-59.51,21.789,-65.857,
00:00:08:400,-0.008,0.037,1.068,-64.148,12.573,-59.144,
00:00:08:416,-0.033,0.066,1.074,4.028,31.677,-69.825,
00:00:08:433,-0.073,0.183,0.903,25.207,43.945,-55.481,
00:00:08:450,-0.116,0.044,0.951,10.803,91.43,-65.979,
00:00:08:466,-0.022,0.131,0.972,11.779,138.977,-26.978,
00:00:08:483,0.078,-0.148,1.029,106.262,157.043,-74.463,
00:00:08:500,0.226,-0.213,1.127,27.038,64.575,-69.947,
00:00:08:516,0.203,-0.191,1.159,17.822,11.047,-80.567,
00:00:08:533,0.254,-0.414,1.176,-88.196,-42.908,-66.102,
00:00:08:550,0.187,-0.214,1.175,-158.509,-108.826,-46.936,
00:00:08:566,0.187,-0.254,1.106,-130.249,-124.207,-45.227,
00:00:08:583,0.179,-0.159,1.01,-169.983,-133.912,-31.556,
00:00:08:600,0.155,-0.042,0.917,-116.394,-112.854,-26.856,
00:00:08:616,0.122,-0.017,0.809,-15.442,-60.73,-30.884,
00:00:08:633,0.111,-0.091,0.782,-20.203,-20.63,-36.011,
00:00:08:650,0.118,-0.06,0.791,-67.627,10.864,-35.218,
00:00:08:666,0.144,-0.119,0.863,-91.248,26.916,-19.776,
00:00:08:683,0.145,-0.093,0.963,-111.329,23.681,-10.071,
00:00:08:700,0.147,-0.083,1.019,-34.119,30.151,-26.368,
00:00:08:716,0.145,-0.12,1.011,-27.832,17.334,-24.476,
00:00:08:733,0.133,-0.141,1.003,-59.571,-10.437,-12.635,
00:00:08:750,0.114,-0.134,1.021,-100.342,-26.429,1.403,
00:00:08:766,0.124,-0.116,1.041,-126.221,-30.884,12.085,
00:00:08:783,0.139,-0.061,1.023,-119.08,-30.335,15.93,
00:00:08:800,0.131,-0.071,0.995,-131.775,-23.011,17.089,
00:00:08:816,0.13,-0.073,0.98,-153.565,-11.048,23.132,
00:00:08:833,0.129,-0.068,0.984,-163.025,-11.902,25.329,
00:00:08:850,0.137,-0.074,1.023,-127.137,-1.038,12.573,
00:00:08:866,0.163,-0.066,1.038,-98.877,9.643,-12.513,
00:00:08:883,0.165,-0.055,1.026,-56.763,11.779,-36.805,
00:00:08:900,0.146,-0.072,0.995,-41.443,-5.616,-47.974,
00:00:08:916,0.119,-0.074,0.983,-50.049,-16.114,-50.843,
00:00:08:933,0.122,-0.055,0.984,-48.768,-9.766,-43.091,
00:00:08:950,0.124,-0.067,0.986,-47.974,-10.987,-41.871,
00:00:08:966,0.122,-0.059,0.989,-49.988,-14.466,-38.147,
00:00:08:983,0.128,-0.056,0.992,-44.19,-11.902,-44.068,
00:00:09:0,0.127,-0.05,0.985,-58.228,-13.306,-40.284,
00:00:09:16,0.128,-0.031,0.995,-49.134,-3.174,-41.565,
00:00:09:33,0.132,-0.037,0.987,-33.387,3.234,-42.603,
00:00:09:50,0.133,-0.066,0.98,-24.292,4.211,-43.946,
00:00:09:66,0.147,-0.075,1.007,-28.26,5.31,-43.03,
00:00:09:83,0.148,-0.115,1.002,-52.002,8.972,-39.307,
00:00:09:100,0.149,-0.068,1.029,-54.993,3.051,-44.556,
00:00:09:116,0.15,-0.069,1.011,-26.734,-0.184,-48.768,
00:00:09:133,0.129,-0.07,1.008,-32.227,-5.433,-49.622,
00:00:09:150,0.129,-0.042,0.98,-28.687,-10.254,-40.223,
00:00:09:166,0.121,-0.027,0.981,-8.118,-5.86,-37.598,
00:00:09:183,0.122,-0.057,0.999,-9.583,0.427,-26.307,
00:00:09:200,0.122,-0.057,1.008,-4.151,12.573,-20.447,
00:00:09:216,0.13,-0.091,0.994,-5.372,12.756,-15.076,
00:00:09:233,0.128,-0.068,1,-16.968,5.798,-13.306,
00:00:09:250,0.133,-0.071,0.992,-8.667,-2.686,-13.733,
00:00:09:266,0.126,-0.07,0.988,-18.189,-5.921,-16.541,
00:00:09:283,0.134,-0.034,1.004,-24.476,-5.433,-15.259,
00:00:09:300,0.123,-0.036,1,1.281,5.31,-23.011,
00:00:09:316,0.12,-0.05,0.997,-5.738,10.864,-17.456,
00:00:09:333,0.113,-0.039,0.998,-7.081,7.873,-18.067,
00:00:09:350,0.117,-0.032,1.009,5.981,9.948,-22.889,
00:00:09:366,0.123,-0.057,1.005,3.784,11.047,-24.292,
00:00:09:383,0.121,-0.053,1.002,-1.221,8.483,-29.053,
00:00:09:400,0.119,-0.061,1.022,-3.052,14.526,-32.044,
00:00:09:416,0.122,-0.061,1.016,-0.123,23.559,-31.922,
00:00:09:433,0.125,-0.052,1.013,-6.409,23.01,-37.964,
00:00:09:450,0.135,-0.051,1.014,-22.644,25.39,-40.223,
00:00:09:466,0.128,-0.047,1.002,-19.349,26.611,-39.978,
00:00:09:483,0.126,-0.086,0.988,-31.861,23.986,-35.035,
00:00:09:500,0.122,-0.074,1.01,-42.42,25.94,-37.11,
00:00:09:516,0.132,-0.072,0.997,-46.509,31.311,-35.096,
00:00:09:533,0.134,-0.042,1.002,-40.833,23.803,-51.148,
00:00:09:550,0.122,-0.042,0.992,-10.926,25.512,-50.477,
00:00:09:566,0.127,-0.05,0.99,-3.846,18.066,-42.359,
00:00:09:583,0.128,-0.068,1.017,-8.179,28.137,-34.729,
00:00:09:600,0.159,-0.067,1.016,-20.142,38.574,-25.391,
00:00:09:616,0.166,-0.068,1.013,-31.006,29.296,-30.457,
00:00:09:633,0.143,-0.087,1.001,-31.8,23.803,-33.448,
00:00:09:650,0.137,-0.094,0.987,-27.71,23.498,-31.311,
00:00:09:666,0.137,-0.065,0.97,-30.457,20.69,-33.02,
00:00:09:683,0.13,-0.055,0.963,-17.762,20.324,-34.974,
00:00:09:700,0.13,-0.049,0.97,-37.72,24.169,-28.199,
00:00:09:716,0.125,-0.041,0.975,-33.448,26.977,-20.386,
00:00:09:733,0.129,-0.068,1.002,-28.382,37.78,-16.663,
00:00:09:750,0.154,-0.064,1.022,-23.194,42.114,-19.837,
00:00:09:766,0.178,-0.091,1.012,-11.841,41.442,-21.119,
00:00:09:783,0.194,-0.068,0.996,-23.255,20.141,-19.898,
00:00:09:800,0.163,-0.088,0.983,-32.227,17.395,-30.213,
00:00:09:816,0.152,-0.03,0.987,-8.057,10.498,-35.889,
00:00:09:833,0.175,-0.178,1.017,-23.987,27.648,-39.734,
00:00:09:850,0.192,0.015,1.011,-51.27,6.836,2.075,
00:00:09:866,0.156,-0.021,0.938,-47.059,27.221,-39.734,
00:00:09:883,0.129,0.143,0.953,59.936,49.438,-61.768,
00:00:09:900,0.129,0.047,0.907,206.726,105.346,-87.525,
00:00:09:916,0.187,-0.099,0.851,230.407,163.879,-97.718,
00:00:09:933,0.221,-0.178,0.888,174.072,194.519,-95.093,
00:00:09:950,0.238,-0.114,1.046,-37.903,70.739,-28.138,
00:00:09:966,0.035,-0.336,1.492,-157.654,-17.395,-77.027,
00:00:09:983,-0.042,0.019,1.35,-26.062,-24.72,-38.941,
00:00:10:0,0,0.087,1.004,209.472,50.231,-51.026,
00:00:10:16,0.036,0.33,0.881,243.408,-87.647,-18.982,
00:00:10:33,0.075,0.015,0.98,206.665,-175.11,-9.766,
00:00:10:50,-0.184,-0.048,1.045,21.606,-212.037,34.24,
00:00:10:66,-0.012,-0.027,0.813,94.177,28.015,45.044,
00:00:10:83,0.17,0.018,0.7,174.194,152.588,-21.241,
00:00:10:100,0.196,-0.15,0.811,149.414,185.547,-54.871,
00:00:10:116,0.326,-0.068,0.928,15.991,94.97,-22.706,
00:00:10:133,0.217,-0.002,1.005,25.085,74.279,-60.914,
00:00:10:150,0.203,-0.17,1.119,147.461,130.859,-82.581,
00:00:10:166,0.263,-0.34,1.106,173.523,107.116,-94.3,
00:00:10:183,0.141,-0.37,1.073,-8.606,12.268,-59.754,
00:00:10:200,0.14,-0.226,0.972,-46.631,-18.677,-30.03,
00:00:10:216,0.088,0.09,0.936,-116.028,-69.642,11.047,
00:00:10:233,0.009,0.157,1.014,16.784,-6.47,-1.587,
00:00:10:250,0.055,-0.11,1.12,82.519,42.907,19.958,
00:00:10:266,0.179,-0.39,1.035,-8.912,65.307,47.546,
00:00:10:283,0.306,-0.273,0.986,-126.831,4.76,26.977,
00:00:10:300,0.312,-0.106,1.044,-65.43,16.784,-12.269,
00:00:10:316,0.367,-0.203,1.041,6.042,28.93,-61.402,
00:00:10:333,0.308,-0.178,1.03,33.752,47.302,-97.718,
00:00:10:350,0.238,-0.363,0.871,-28.26,110.351,-81.055,
00:00:10:366,0.297,-0.261,0.706,-157.532,62.316,-55.481,
00:00:10:383,0.15,0.033,0.623,-91.431,33.813,-34.79,
00:00:10:400,-0.026,0.316,0.825,-22.461,65.002,12.451,
00:00:10:416,0.068,0.012,1.198,171.203,184.387,36.56,
00:00:10:433,0.215,-0.487,1.125,153.93,143.798,81.115,
00:00:10:450,0.145,-0.314,1.068,-123.414,56.457,116.882,
00:00:10:466,0.244,-0.2,1.095,-16.48,21.667,89.233,
00:00:10:483,0.331,-0.135,1.021,-8.484,-44.861,32.165,
00:00:10:500,0.173,-0.038,1.015,99.426,-23.804,-31.739,
00:00:10:516,0.117,-0.189,0.763,-14.649,66.711,47.79,
00:00:10:533,0.149,-0.054,0.916,-121.949,120.056,73.486,
00:00:10:550,0.226,-0.164,1.059,-75.074,164.611,74.035,
00:00:10:566,0.32,-0.084,1.135,18.92,163.574,52.795,
00:00:10:583,0.23,-0.165,1.054,137.024,148.681,50.048,
00:00:10:600,0.191,-0.277,0.983,-30.213,131.836,82.702,
00:00:10:616,0.205,-0.161,0.971,-95.459,121.704,94.177,
00:00:10:633,0.23,-0.282,0.884,-166.138,73.791,122.741,
00:00:10:650,0.247,-0.201,1.095,-300.66,63.903,147.766,
00:00:10:666,0.317,-0.024,1.211,-131.226,155.578,146.789,
00:00:10:683,0.392,-0.156,1.131,-69.031,153.991,150.573,
00:00:10:700,0.388,-0.019,1.025,25.085,170.166,126.831,
00:00:10:716,0.483,-0.105,0.836,53.894,150.085,86.731,
00:00:10:733,0.542,-0.183,0.741,-4.7,69.03,69.946,
00:00:10:750,0.629,-0.263,0.727,-50.782,-12.635,39.489,
00:00:10:766,0.659,-0.259,0.799,-70.862,-54.993,-40.039,
00:00:10:783,0.624,-0.208,0.942,-15.503,-75.806,-125.916,
00:00:10:800,0.684,-0.269,0.847,69.091,-99.427,-208.435,
00:00:10:816,0.55,-0.21,0.872,-44.251,-204.285,-223.023,
00:00:10:833,0.452,0.018,0.811,-34.913,-248.963,-205.323,
00:00:10:850,0.467,-0.201,0.929,54.809,-253.113,-231.08,
00:00:10:866,0.285,-0.105,0.975,-132.264,-270.691,-197.632,
00:00:10:883,0.222,-0.082,1.024,-63.294,-218.873,-260.987,
00:00:10:900,0.147,-0.068,1.057,-17.884,-176.27,-292.908,
00:00:10:916,0.093,-0.036,1.022,-9.827,-123.047,-324.585,
00:00:10:933,-0.065,0.189,0.975,-26.856,-39.246,-368.592,
00:00:10:950,-0.143,0.169,0.883,-48.035,57.373,-351.075,
00:00:10:966,-0.16,0.13,0.809,-50.599,129.699,-261.109,
00:00:10:983,-0.21,0.103,0.885,-11.231,223.144,-178.345,
00:00:11:0,-0.068,0.133,1.025,72.631,288.086,-100.403,
00:00:11:16,-0.15,-0.117,0.83,63.903,307.251,-69.642,
00:00:11:33,-0.212,-0.293,0.75,-320.069,342.163,53.955,
00:00:11:50,0.055,0.06,0.822,-464.905,311.096,48.645,
00:00:11:66,0.018,0.266,0.949,-200.44,289.611,-48.829,
00:00:11:83,0.117,0.125,1.05,244.506,227.234,-87.586,
00:00:11:100,0.038,-0.413,1.026,265.869,274.841,-44.129,
00:00:11:116,0.191,-0.35,1.209,-32.837,148.986,24.963,
00:00:11:133,0.282,-0.391,1.21,-424.317,-101.807,105.59,
00:00:11:150,0.226,0.271,1.05,-221.436,-111.634,-61.707,
00:00:11:166,0.134,0.245,0.915,265.319,-24.659,-137.146,
00:00:11:183,0.195,-0.08,0.84,395.568,-15.076,-106.568,
00:00:11:200,0.201,-0.199,0.818,319.091,7.69,-123.658,
00:00:11:216,0.468,-0.522,1.04,-3.602,-44.8,-117.005,
00:00:11:233,0.486,-0.089,1.372,-285.157,-149.17,-108.033,
00:00:11:250,0.433,0.103,1.233,16.967,-37.293,-142.395,
00:00:11:266,0.316,-0.192,1.154,-7.691,37.963,-100.708,
00:00:11:283,0.316,-0.2,0.978,-189.759,96.74,-83.558,
00:00:11:300,0.314,-0.215,0.908,-210.877,72.631,-95.948,
00:00:11:316,0.303,-0.189,0.995,-396.851,14.831,-84.412,
00:00:11:333,0.259,0.15,1.18,-300.904,14.526,-110.291,
00:00:11:350,0.233,-0.064,1.112,-154.053,53.039,-88.929,
00:00:11:366,0.184,-0.12,0.959,-183.411,43.335,-47.059,
00:00:11:383,0.135,-0.137,0.771,-188.599,61.035,-21.851,
00:00:11:400,0.226,0.048,0.923,-198.548,111.694,-28.87,
00:00:11:416,0.328,0.201,1.105,-39.49,174.438,-7.264,
00:00:11:433,0.357,-0.037,1.024,130.371,165.71,12.451,
00:00:11:450,0.262,-0.249,0.896,31.005,162.475,34.973,
00:00:11:466,0.296,-0.249,0.819,-143.067,126.831,70.312,
00:00:11:483,0.322,-0.002,0.792,-162.659,81.481,42.114,
00:00:11:500,0.202,-0.011,0.812,-236.451,14.648,2.99,
00:00:11:516,0.276,0.005,1.022,-101.685,97.656,5.004,
00:00:11:533,0.308,-0.15,1.026,-77.271,129.638,9.216,
00:00:11:550,0.257,-0.004,0.879,-88.807,143.921,38.94,
00:00:11:566,0.243,0.056,0.842,-72.083,119.751,63.293,
00:00:11:583,0.167,-0.172,0.8,-193.055,115.295,79.101,
00:00:11:600,0.284,0.007,1.047,-119.019,151.611,56.152,
00:00:11:616,0.408,0.033,1.119,-120.179,139.038,62.439,
00:00:11:633,0.496,-0.096,1,-60.791,139.77,58.837,
00:00:11:650,0.486,-0.067,0.928,-153.809,96.008,55.236,
00:00:11:666,0.414,-0.014,0.804,-128.968,36.56,57.434,
00:00:11:683,0.453,-0.041,0.927,-122.681,36.315,49.438,
00:00:11:700,0.568,-0.156,1.025,-74.097,94.604,63.171,
00:00:11:716,0.574,0.019,1.024,-128.418,94.909,87.463,
00:00:11:733,0.521,-0.072,0.942,-34.424,69.213,83.435,
00:00:11:750,0.501,-0.026,0.969,-61.158,31.921,84.655,
00:00:11:766,0.453,0.017,0.889,-36.499,-3.968,105.163,
00:00:11:783,0.557,0.074,0.815,20.324,-106.69,90.698,
00:00:11:800,0.459,-0.023,0.749,135.559,-197.571,35.339,
00:00:11:816,0.473,-0.234,0.867,119.018,-159.485,-0.794,
00:00:11:833,0.53,-0.191,1.077,-133.057,-109.986,56.823,
00:00:11:850,0.649,0.014,0.882,-174.622,-37.964,15.869,
00:00:11:866,0.584,0.081,0.699,-111.145,0.427,-25.33,
00:00:11:883,0.709,0.017,0.722,-35.889,-111.145,-70.679,
00:00:11:900,0.554,-0.011,0.751,72.692,-275.696,-123.536,
00:00:11:916,0.471,-0.254,0.773,172.424,-346.131,-198.792,
00:00:11:933,0.453,-0.216,0.79,49.255,-436.707,-232.789,
00:00:11:950,0.467,-0.023,0.922,-102.478,-546.814,-238.709,
00:00:11:966,0.265,0.089,0.894,-172.852,-512.207,-249.695,
00:00:11:983,0.2,0.133,0.966,-156.495,-419.312,-243.958,
00:00:12:0,0.066,0.142,0.99,-45.96,-303.223,-224.793,
00:00:12:16,-0.016,0.131,0.966,245.971,-134.217,-244.812,
00:00:12:33,0.022,0.007,0.834,257.141,-41.199,-198.975,
00:00:12:50,-0.026,0.068,0.779,50.17,22.827,-163.88,
00:00:12:66,-0.001,0.112,0.828,30.944,67.26,-149.903,
00:00:12:83,0,0.173,0.897,83.984,149.658,-168.152,
00:00:12:100,0.015,0.183,0.93,34.79,150.146,-138.428,
00:00:12:116,-0.014,0.161,0.93,61.401,193.298,-152.955,
00:00:12:133,0.114,0.125,0.927,36.987,178.588,-129.761,
00:00:12:150,0.152,0.096,0.933,10.437,160.583,-139.1,
00:00:12:166,0.209,0.157,1.043,58.654,117.981,-162.964,
00:00:12:183,0.278,0.301,1.344,234.008,129.089,-251.648,
00:00:12:200,0.32,0.099,1.221,526.733,185.058,-227.906,
00:00:12:216,0.402,-0.202,1.424,332.641,23.437,-146.79,
00:00:12:233,0.225,-0.052,1.11,372.192,131.286,-142.029,
00:00:12:250,0.22,-0.303,1.015,246.032,323.486,-180.298,
00:00:12:266,0.32,-0.384,1.185,-100.525,272.033,-149.048,
00:00:12:283,0.422,-0.14,1.03,-343.201,351.684,-219.178,
00:00:12:300,0.357,-0.023,0.972,-757.996,277.282,-66.04,
00:00:12:316,0.252,-0.063,0.911,-960.572,304.382,-24.537,rollLH
00:00:12:333,0.389,0.095,1.149,-865.296,262.207,-76.111,
00:00:12:350,0.256,-0.169,1.225,-567.444,382.141,-109.62,
00:00:12:366,0.31,-0.327,0.998,-760.01,339.233,-92.835,
00:00:12:383,0.141,-0.061,0.625,-923.829,370.666,-123.902,
00:00:12:400,0.212,0.448,0.646,-658.387,246.093,-150.33,
00:00:12:416,0.212,0.129,0.591,-603.272,220.581,-94.3,
00:00:12:433,0.219,0.232,0.768,-524.72,268.615,12.939,
00:00:12:450,0.092,-0.097,0.942,-199.463,147.949,-13.245,
00:00:12:466,0.399,0.211,0.919,-111.573,148.925,-55.237,
00:00:12:483,0.296,0.429,0.866,53.649,111.023,-113.16,
00:00:12:500,0.235,0.172,0.979,102.356,49.987,-47.486,
00:00:12:516,0.284,0.054,1.024,69.519,-23.987,13,
00:00:12:533,0.271,-0.031,0.978,68.664,-33.02,23.986,
00:00:12:550,0.333,0.133,0.943,30.822,-61.28,51.269,
00:00:12:566,0.407,0.11,0.937,21.606,-51.819,101.135,
00:00:12:583,0.388,0.212,0.908,34.362,-59.754,122.192,
00:00:12:600,0.365,0.228,0.854,69.946,-34.974,91.43,
00:00:12:616,0.369,0.104,0.886,84.961,13.366,44.86,
00:00:12:633,0.427,0.16,0.946,64.453,14.831,15.502,
00:00:12:650,0.397,0.199,0.958,75.927,13.61,22.827,
00:00:12:666,0.367,0.13,0.881,64.392,13.977,17.395,
00:00:12:683,0.381,0.165,0.866,57.739,37.658,19.775,
00:00:12:700,0.42,0.064,0.879,56.396,77.941,-6.226,
00:00:12:716,0.481,0.177,0.946,2.38,71.472,-4.883,
00:00:12:733,0.489,0.101,0.972,2.197,73.425,-9.217,
00:00:12:750,0.495,0.028,0.9,-64.881,63.598,5.371,
00:00:12:766,0.516,0.135,0.858,-81.604,61.035,-14.466,
00:00:12:783,0.477,0.114,0.845,-38.88,55.236,-21.668,
00:00:12:800,0.437,0.099,0.901,-58.533,74.768,-4.273,
00:00:12:816,0.464,0.078,0.947,-57.19,68.847,13.183,
00:00:12:833,0.463,0.17,0.997,-49.866,54.382,32.226,
00:00:12:850,0.44,0.112,0.947,-53.467,10.376,56.579,
00:00:12:866,0.345,0.131,0.929,-61.585,8.728,63.964,
00:00:12:883,0.434,0.077,0.917,-137.696,49.438,75.561,
00:00:12:900,0.498,0.083,0.862,-177.124,70.495,40.527,
00:00:12:916,0.498,0.184,0.811,-213.929,65.979,36.56,
00:00:12:933,0.54,0.137,0.748,-172.73,41.626,-9.461,
00:00:12:950,0.547,0.39,1.032,-82.947,-13.123,-20.752,
00:00:12:966,0.573,0.089,0.975,-57.251,24.658,19.043,
00:00:12:983,0.519,0.178,0.926,-213.318,-32.227,70.861,
00:00:13:0,0.473,0.093,0.837,-146.851,-25.269,102.05,
00:00:13:16,0.524,-0.05,0.743,-83.68,-29.48,121.276,
00:00:13:33,0.666,0.038,0.765,7.019,-103.821,117.126,
00:00:13:50,0.749,0.079,0.774,211.975,-180.603,65.063,
00:00:13:66,0.94,0.137,0.86,291.687,-306.092,26.062,
00:00:13:83,0.726,0.069,0.903,338.501,-416.077,0.549,
00:00:13:100,0.739,0.111,0.782,248.962,-457.459,-14.283,
00:00:13:116,0.612,0.096,0.925,152.771,-471.924,-44.129,
00:00:13:133,0.483,0.07,0.883,267.212,-366.822,-78.98,
00:00:13:150,0.469,0.09,0.753,185.974,-321.045,-137.818,
00:00:13:166,0.374,0.083,0.703,142.273,-265.381,-165.101,
00:00:13:183,0.31,0.145,0.693,89.721,-195.069,-178.406,
00:00:13:200,0.28,0.153,0.763,25.329,-124.817,-185.181,
00:00:13:216,0.215,0.15,0.73,27.343,-57.068,-207.52,
00:00:13:233,0.144,0.179,0.73,120.666,-24.414,-226.136,
00:00:13:250,0.119,0.173,0.848,274.841,29.48,-243.409,
00:00:13:266,0.06,0.047,0.886,312.927,106.384,-224.915,
00:00:13:283,0.1,0.049,0.885,35.156,166.565,-169.495,
00:00:13:300,0.08,0.333,0.865,-29.725,178.466,-136.17,
00:00:13:316,0.118,0.32,0.9,123.657,234.924,-133.545,
00:00:13:333,0.153,0.212,0.901,135.742,220.092,-94.239,
00:00:13:350,0.14,0.158,0.931,110.839,209.411,-76.844,
00:00:13:366,0.14,0.115,0.979,42.48,241.272,-45.044,
00:00:13:383,0.199,0.13,0.973,-14.771,262.695,-21.241,
00:00:13:400,0.187,0.052,0.972,-75.135,290.954,2.441,
00:00:13:416,0.214,0.046,1.033,-97.046,293.701,4.272,
00:00:13:433,0.193,-0.066,0.958,-177.918,336.486,14.404,
00:00:13:450,0.266,0.213,1.014,-235.413,241.272,-68.726,
00:00:13:466,0.355,0.085,1.28,-108.704,190.124,-67.322,
00:00:13:483,0.345,-0.004,1.292,-179.566,114.441,-11.475,
00:00:13:500,0.239,0.036,1.087,-259.156,148.559,-1.587,
00:00:13:516,0.31,0.281,0.96,-177.857,173.095,-111.695,
00:00:13:533,0.385,0.281,1.071,-72.144,181.823,-130.555,
00:00:13:550,0.46,0.073,1.157,-201.905,205.2,-109.864,
00:00:13:566,0.564,0.119,1.205,-341.187,172.302,-97.657,
00:00:13:583,0.541,0.085,1.144,-296.509,137.451,-101.319,
00:00:13:600,0.416,0.204,0.881,-176.026,67.932,-107.605,
00:00:13:616,0.303,0.068,0.774,-50.782,45.227,-92.591,
00:00:13:633,0.26,-0.065,0.8,-123.169,48.706,-71.839,
00:00:13:650,0.258,0.124,0.733,-182.007,66.711,-41.626,
00:00:13:666,0.324,0.324,0.748,-58.106,95.153,-34.729,
00:00:13:683,0.291,0.251,0.779,92.224,86.181,-58.96,
00:00:13:700,0.381,0.121,0.735,106.628,99.914,-30.152,
00:00:13:716,0.449,-0.063,0.828,-28.87,58.349,-36.133,
00:00:13:733,0.526,0.136,0.815,-70.13,22.094,-53.711,
00:00:13:750,0.632,0.226,0.928,-11.963,45.044,-65.918,
00:00:13:766,0.656,0.128,1.003,41.442,40.527,-47.181,
00:00:13:783,0.588,0.002,0.803,-2.991,25.573,-29.847,
00:00:13:800,0.564,0.071,0.629,10.315,9.887,-38.208,
00:00:13:816,0.54,0.071,0.611,-33.814,-2.442,-42.359,
00:00:13:833,0.547,0.145,0.914,34.851,39.428,-53.589,
00:00:13:850,0.573,0.073,1.039,53.649,52.124,-31.434,
00:00:13:866,0.464,0.069,0.936,58.166,27.832,-0.123,
00:00:13:883,0.436,0.063,0.747,21.423,15.991,6.591,
00:00:13:900,0.45,0.109,0.798,-21.79,-5.86,23.254,
00:00:13:916,0.45,0.14,1.004,-15.503,9.033,29.541,
00:00:13:933,0.441,0.142,1.052,-18.067,6.591,42.724,
00:00:13:950,0.43,0.139,0.949,10.925,11.291,41.381,
00:00:13:966,0.415,0.122,0.806,6.225,-5.799,28.503,
00:00:13:983,0.418,0.06,0.817,-51.819,-10.987,32.104,
00:00:14:0,0.471,0.142,0.95,-69.153,8.483,23.864,
00:00:14:16,0.461,0.127,0.968,-11.292,29.663,8.361,
00:00:14:33,0.396,0.176,0.892,7.019,25.573,23.742,
00:00:14:50,0.347,0.065,0.767,9.155,32.165,47.851,
00:00:14:66,0.391,0.095,0.734,-39.978,32.714,30.517,
00:00:14:83,0.495,0.183,0.917,-54.932,38.33,26.855,
00:00:14:100,0.534,0.187,1.057,-11.536,27.71,30.395,
00:00:14:116,0.464,0.151,0.907,2.38,-2.32,42.785,
00:00:14:133,0.387,0.14,0.824,-10.926,11.718,41.748,
00:00:14:150,0.515,0.026,0.971,-111.145,19.348,53.955,
00:00:14:166,0.532,0.11,1.011,-200.013,10.742,65.49,
00:00:14:183,0.676,0.192,1.093,-177.674,15.502,62.316,
00:00:14:200,0.722,0.222,1.087,-131.775,13.61,81.726,
00:00:14:216,0.708,0.22,0.835,-67.566,-51.819,68.969,
00:00:14:233,0.647,0.049,0.604,-117.493,-102.662,53.283,
00:00:14:250,0.655,0.037,0.596,-191.04,-156.311,42.236,
00:00:14:266,0.645,0.097,0.704,-145.508,-146.607,29.785,
00:00:14:283,0.686,0.05,0.772,57.006,-85.999,14.526,
00:00:14:300,0.711,-0.029,0.671,141.601,-76.172,11.535,
00:00:14:316,0.78,0.065,0.517,187.072,-122.681,5.371,
00:00:14:333,0.963,0.058,0.82,279.602,-274.659,-10.315,
00:00:14:350,0.837,-0.037,0.941,251.037,-420.655,-9.095,
00:00:14:366,0.733,-0.022,0.795,214.782,-377.198,13.488,
00:00:14:383,0.747,0.15,0.881,187.378,-471.009,3.112,
00:00:14:400,0.639,0.022,0.778,283.081,-463.685,-22.461,
00:00:14:416,0.567,-0.093,0.709,263.366,-466.797,-67.933,
00:00:14:433,0.484,-0.044,0.639,145.08,-451.111,-87.159,
00:00:14:450,0.413,0.005,0.727,108.093,-401.612,-116.211,
00:00:14:466,0.39,0.038,0.821,150.451,-344.788,-126.954,
00:00:14:483,0.26,0.032,0.795,121.46,-272.156,-103.638,
00:00:14:500,0.135,0.15,0.749,104.919,-192.566,-122.986,
00:00:14:516,0.044,0.044,0.747,150.879,-96.558,-123.719,
00:00:14:533,0.022,0.062,0.801,84.777,-41.382,-89.905,
00:00:14:550,-0.009,0.144,0.866,78.43,36.193,-36.316,
00:00:14:566,-0.01,0.145,0.887,116.027,109.253,-10.926,
00:00:14:583,-0.052,0.199,0.813,164.489,128.418,-7.813,
00:00:14:600,-0.024,0.189,0.84,144.043,131.591,25.573,
00:00:14:616,0.014,0.235,0.994,185.302,134.704,49.621,
00:00:14:633,0.031,0.106,1.112,220.642,182.251,48.645,
00:00:14:650,0.061,0.091,1.091,185.547,203.186,59.204,
00:00:14:666,0.024,0.173,0.9,231.018,204.589,57.067,
00:00:14:683,0.145,0.282,1.529,361.816,-74.646,-34.852,
00:00:14:700,0.513,-0.192,1.728,-16.175,-287.659,115.783,
00:00:14:716,-0.308,0.515,1.3,97.534,-240.418,130.371,
00:00:14:733,0.113,0.23,0.893,448.242,-177.247,88.989,
00:00:14:750,-0.082,0.374,0.864,431.579,-366.639,6.958,
00:00:14:766,-0.04,0.328,0.987,881.042,-424.988,-74.83,
00:00:14:783,0.088,-0.333,1.299,872.497,-235.108,-120.667,
00:00:14:800,0.137,-0.219,1.245,324.707,0.671,4.638,
00:00:14:816,0.12,0.182,0.98,264.587,132.629,14.709,
00:00:14:833,0.069,0.027,0.758,245.422,219.055,25.817,
00:00:14:850,0.24,-0.245,0.781,128.723,211.67,41.32,
00:00:14:866,0.275,-0.414,1.093,-134.705,109.497,37.109,
00:00:14:883,0.292,-0.257,1.372,-234.986,51.269,33.325,
00:00:14:900,0.284,-0.324,1.276,-156.128,-18.921,34.729,
00:00:14:916,0.223,-0.392,1.083,-320.984,-74.83,78.125,
00:00:14:933,0.15,0.093,0.853,-304.139,-90.638,100.463,
00:00:14:950,0.069,0.062,0.807,-208.985,-31.922,101.074,
00:00:14:966,0.108,0.015,0.911,-221.497,91.613,110.778,
00:00:14:983,0.185,0.028,0.963,-163.941,161.193,113.525,
00:00:15:0,0.302,-0.007,0.963,-132.264,162.536,107.36,
00:00:15:16,0.175,0.018,0.849,-167.786,147.094,77.331,
00:00:15:33,0.311,0.018,0.998,-143.86,155.151,91.003,
00:00:15:50,0.267,-0.099,0.985,-170.166,174.682,108.337,
00:00:15:66,0.372,-0.022,0.956,-154.786,146.24,81.909,
00:00:15:83,0.428,-0.003,0.931,-120.423,145.202,86.608,
00:00:15:100,0.514,-0.093,1.028,-43.824,156.372,45.593,
00:00:15:116,0.572,-0.095,0.924,-86.914,131.53,54.931,
00:00:15:133,0.553,-0.052,0.842,-98.023,134.887,29.602,
00:00:15:150,0.63,-0.092,0.813,-110.779,122.741,17.7,
00:00:15:166,0.609,-0.104,0.846,-97.535,107.177,-9.705,
00:00:15:183,0.537,-0.025,0.822,-65.186,105.835,-15.503,
00:00:15:200,0.431,-0.061,0.916,-15.32,114.074,-14.954,
00:00:15:216,0.304,-0.051,0.973,20.629,117.675,31.005,
00:00:15:233,0.244,-0.152,0.976,-56.275,93.566,87.341,
00:00:15:250,0.278,-0.037,0.965,-129.822,64.025,140.442,
00:00:15:266,0.262,0.053,1.021,-92.774,83.923,141.601,
00:00:15:283,0.329,0.047,1.056,-68.543,87.402,166.87,
00:00:15:300,0.391,-0.028,0.978,-66.895,106.872,148.681,
00:00:15:316,0.456,-0.042,0.828,-56.336,114.196,110.901,
00:00:15:333,0.572,0.058,0.692,-22.644,86.242,20.629,
00:00:15:350,0.626,0.051,0.687,18.066,17.089,-14.283,
00:00:15:366,0.653,-0.003,0.791,34.362,-18.006,-43.763,
00:00:15:383,0.725,0.053,0.859,230.651,-7.996,-100.769,
00:00:15:400,0.718,-0.283,0.936,296.447,19.653,-127.381,
00:00:15:416,0.741,-0.446,0.9,135.376,22.766,-77.82,
00:00:15:433,0.911,-0.254,0.771,-70.557,-74.341,-31.373,
00:00:15:450,0.971,-0.414,1.297,-136.658,-314.393,-93.934,
00:00:15:466,0.682,-0.094,0.863,-159.546,-393.982,-86.976,
00:00:15:483,0.696,-0.301,0.952,-188.721,-471.802,-147.095,
00:00:15:500,0.641,-0.137,1.043,-312.073,-549.561,-130.86,
00:00:15:516,0.492,-0.161,0.95,-346.436,-533.02,-112.549,
00:00:15:533,0.399,0.027,0.838,-246.46,-560.73,-133.545,
00:00:15:550,0.176,0.094,0.725,-4.639,-515.686,-214.905,
00:00:15:566,-0.013,-0.142,0.707,-58.777,-427.552,-200.013,
00:00:15:583,0.044,-0.049,0.738,-313.172,-400.818,-87.403,
00:00:15:600,-0.089,0.074,0.817,-379.517,-330.75,-94.788,
00:00:15:616,-0.166,0.255,0.779,-269.288,-268.677,-80.628,
00:00:15:633,-0.291,0.335,0.755,-22.339,-115.296,-153.199,
00:00:15:650,-0.328,0.252,0.728,45.471,36.865,-126.893,
00:00:15:666,-0.234,0.275,0.714,23.559,130.432,-72.205,
00:00:15:683,-0.231,0.279,0.756,-9.095,193.054,-45.716,
00:00:15:700,-0.136,0.378,0.825,-0.489,218.078,-44.19,
00:00:15:716,0.012,0.317,0.988,80.383,280.822,-71.656,
00:00:15:733,0.169,0.201,1.057,95.336,264.709,-31.983,
00:00:15:750,0.089,0.142,1.075,22.094,200.927,26.001,
00:00:15:766,0.03,0.165,1.025,16.601,216.125,20.446,
00:00:15:783,0.577,0.104,1.775,-291.504,-357.666,87.28,
00:00:15:800,0.199,0.151,1.742,-423.157,-435.303,148.62,
00:00:15:816,-0.003,0.194,1.221,195.739,-268.677,-26.307,
00:00:15:833,0.012,0.106,0.956,497.009,-285.828,-171.326,
00:00:15:850,-0.01,0.212,0.936,548.584,-163.147,-190.491,
00:00:15:866,0.092,0.039,0.803,279.48,-93.567,-117.31,
00:00:15:883,0.166,0.223,0.755,109.863,-189.148,-139.405,
00:00:15:900,-0.032,0.378,0.964,127.624,-105.896,-188.538,
00:00:15:916,0.134,0.33,1.217,142.151,14.709,-124.451,
00:00:15:933,0.112,-0.185,1.25,205.932,68.237,-115.845,
00:00:15:950,0.155,-0.262,1.091,81.909,-10.865,-44.922,
00:00:15:966,0.09,-0.22,0.951,23.132,-52.613,-12.391,
00:00:15:983,0.144,-0.055,0.851,-121.888,-104.737,24.231,
00:00:16:0,0.139,0.075,0.941,-117.432,-122.681,35.461,
00:00:16:16,0.072,0.131,1.007,-67.383,-139.405,58.41,
00:00:16:33,0.055,-0.05,1.238,-22.644,-90.027,57.495,
00:00:16:50,0.155,-0.066,1.044,-25.208,-62.439,97.106,
00:00:16:66,0.072,0.074,1.011,-113.648,-29.114,89.66,
00:00:16:83,0.043,0.093,1.052,-125.733,28.015,74.401,
00:00:16:100,0.11,0.046,1.159,-125.489,47.607,42.236,
00:00:16:116,0.139,0.195,1.119,-79.712,61.462,-5.249,
00:00:16:133,0.069,0.194,1.118,-40.528,120.239,-17.456,
00:00:16:150,0.056,0.131,0.961,49.255,120.483,1.22,
00:00:16:166,0.07,-0.274,0.82,-93.567,119.323,8.483,
00:00:16:183,0.145,-0.114,0.937,-238.77,61.523,35.217,
00:00:16:200,0.065,0.133,0.966,-217.835,33.203,36.377,
00:00:16:216,0.062,0.208,1.153,-160.218,87.646,28.381,
00:00:16:233,0.068,0.168,1.057,-90.821,87.463,57.19,
00:00:16:250,0.017,0.072,0.93,-6.958,101.44,90.576,
00:00:16:266,0.004,-0.205,0.841,-123.291,104.797,109.985,
00:00:16:283,0.086,0.168,0.967,-295.472,88.867,120.361,
00:00:16:300,0.084,0.308,1.116,-209.29,166.259,83.618,
00:00:16:316,0.125,0.25,1.045,-141.053,201.172,79.834,rollLH
00:00:16:333,0.192,0.075,1.037,-32.105,252.38,78.735,
00:00:16:350,0.331,-0.335,0.96,-81.788,273.376,75.683,
00:00:16:366,0.459,-0.03,0.843,-118.714,209.961,97.045,
00:00:16:383,0.403,0.097,0.838,17.211,267.334,57.678,
00:00:16:400,0.5,-0.001,0.809,-26.123,277.71,9.826,
00:00:16:416,0.36,0.045,0.868,-130.31,210.388,32.531,
00:00:16:433,0.287,0.036,1.085,-88.135,302.368,72.753,
00:00:16:450,0.302,0.007,1.009,-12.696,310.669,134.826,
00:00:16:466,0.189,0.057,0.973,73.852,289.489,174.072,
00:00:16:483,0.267,-0.12,0.759,53.1,279.358,183.776,
00:00:16:500,0.28,0.068,0.673,-214.478,138.549,235.046,
00:00:16:516,0.38,0.274,0.848,-352.784,24.719,241.882,
00:00:16:533,0.393,0.237,1.183,-271.241,34.362,235.962,
00:00:16:550,0.501,0.104,1.344,-45.655,41.87,258.545,
00:00:16:566,0.517,-0.072,1.276,175.109,38.024,233.947,
00:00:16:583,0.681,-0.053,1.172,140.808,-0.672,243.347,
00:00:16:600,0.871,0.18,1.02,193.115,-110.169,189.758,
00:00:16:616,0.816,-0.107,0.968,170.105,-178.406,42.724,
00:00:16:633,0.769,0.238,1.055,143.432,-208.985,-74.158,
00:00:16:650,0.677,0.055,0.874,79.773,-143.433,-259.095,
00:00:16:667,0.652,0.061,0.783,301.574,-157.105,-268.86,
00:00:16:683,0.5,-0.415,0.661,343.872,-170.166,-380.433,
00:00:16:700,0.498,-0.293,0.721,-15.992,-275.086,-311.28,
00:00:16:717,0.359,-0.152,0.811,-167.237,-308.289,-303.345,
00:00:16:733,0.24,-0.007,0.836,-168.702,-254.639,-309.205,
00:00:16:750,0.161,0.016,0.89,-96.619,-163.758,-322.144,
00:00:16:767,0.097,0.12,0.831,-7.569,-113.77,-313.477,
00:00:16:783,-0.034,0.135,0.77,66.406,-45.044,-310.547,
00:00:16:800,-0.06,0.152,0.797,105.774,-1.587,-315.064,
00:00:16:817,-0.129,-0.041,0.831,38.452,64.636,-275.757,
00:00:16:833,-0.085,-0.069,0.905,-65.857,64.697,-218.14,
00:00:16:850,-0.079,0.124,1.006,-119.507,61.279,-177.369,
00:00:16:867,-0.066,0.215,0.954,-68.238,62.927,-144.104,
00:00:16:883,-0.104,0.252,0.91,-6.226,69.274,-126.16,
00:00:16:900,-0.106,0.175,0.888,5.981,88.684,-94.422,
00:00:16:917,-0.023,0.122,1.016,-38.086,83.313,-42.725,
00:00:16:933,0.017,0.178,1.065,-59.815,71.472,1.709,
00:00:16:950,0.019,0.225,0.995,32.47,91.186,-20.508,
00:00:16:967,0.144,0.287,1.086,-17.945,-62.195,-19.227,
00:00:16:983,0.28,0.474,1.463,-201.783,-315.552,85.693,
00:00:17:0,-0.068,0.456,1.359,30.029,-217.164,148.498,
00:00:17:17,-0.021,0.23,1.148,389.648,-33.509,36.682,
00:00:17:33,0.06,0.056,1.011,353.454,-54.993,-0.672,
00:00:17:50,0.069,0.104,0.869,145.446,-209.839,-5.799,
00:00:17:67,0.004,-0.005,1.078,43.945,-293.335,-66.956,
00:00:17:83,0.017,0.234,1.172,83.129,-300.721,-64.698,
00:00:17:100,0.008,0.421,1.132,381.225,-132.142,-66.834,
00:00:17:117,-0.007,-0.008,0.909,345.825,192.505,-74.097,
00:00:17:133,0.263,-0.198,0.845,3.479,129.638,-48.584,
00:00:17:150,0.105,0.017,0.682,-120.24,98.999,-40.284,
00:00:17:167,0.212,-0.048,0.878,-194.092,161.438,-110.901,
00:00:17:183,0.301,0.039,1.171,-154.725,143.554,-114.685,
00:00:17:200,0.231,0.053,1.111,-26.001,100.219,-105.286,
00:00:17:217,0.159,-0.075,1.033,-5.982,47.363,-85.267,
00:00:17:233,0.123,-0.162,0.958,-56.641,26.245,-53.772,
00:00:17:250,0.152,-0.08,0.866,-135.254,-4.944,-19.349,
00:00:17:267,0.073,0.193,0.93,-195.191,-41.443,10.498,
00:00:17:283,0.121,0.131,1.131,-132.935,34.545,-6.287,
00:00:17:300,0.253,0.051,1.196,-66.712,18.493,14.282,
00:00:17:317,0.156,0.025,0.957,-20.264,34.912,5.737,
00:00:17:333,0.077,0.042,0.844,-84.961,33.264,2.38,
00:00:17:350,0.132,-0.009,0.865,-186.463,53.527,4.699,
00:00:17:367,0.152,0.052,1.051,-283.081,38.024,2.685,
00:00:17:383,0.216,0.135,1.223,-217.835,73.974,-2.259,
00:00:17:400,0.132,0.036,1.163,-88.685,84.106,11.047,
00:00:17:417,0.159,0.059,0.96,-100.953,67.077,22.399,
00:00:17:433,0.103,0.165,0.791,-125.794,59.448,34.851,
00:00:17:450,0.084,0.037,0.845,-203.37,98.205,41.931,
00:00:17:467,0.156,0.087,1.051,-250.245,123.413,51.086,
00:00:17:483,0.241,0.063,1.253,-239.197,158.02,32.836,
00:00:17:500,0.295,0.103,1.181,-165.345,173.95,28.564,
00:00:17:517,0.251,0.067,0.845,-104.676,147.522,39.917,
00:00:17:533,0.187,0.009,0.689,-238.038,166.565,38.086,
00:00:17:550,0.308,0.102,0.821,-265.076,218.322,33.63,
00:00:17:567,0.406,0.123,0.956,-234.559,263.672,29.052,
00:00:17:583,0.479,0.08,1.163,-170.289,268.493,22.644,
00:00:17:600,0.545,0.1,1.074,-83.13,252.624,24.963,
00:00:17:617,0.469,-0.087,0.879,-66.285,168.457,59.326,
00:00:17:633,0.398,-0.068,0.787,-152.649,105.163,98.388,
00:00:17:650,0.362,0.167,0.835,-263.672,84.289,105.041,
00:00:17:667,0.368,0.108,0.897,-200.501,128.357,69.946,
00:00:17:683,0.404,0.071,1.037,-298.279,95.52,80.078,
00:00:17:700,0.367,0.271,1.058,-360.901,38.391,122.619,
00:00:17:717,0.364,0.151,0.981,-238.953,30.151,133.972,
00:00:17:733,0.468,0.048,1.1,-243.714,-17.395,150.024,
00:00:17:750,0.588,0.017,1.208,-120.789,-54.505,156.433,
00:00:17:767,0.815,0,1.165,-18.921,-161.255,148.315,
00:00:17:783,0.709,0.108,1.029,-20.569,-375.489,150.146,
00:00:17:800,0.857,-0.064,1.031,131.897,-361.206,35.522,
00:00:17:817,0.757,0.072,1.008,-50.049,-562.867,42.053,
00:00:17:833,0.643,0.088,0.901,28.015,-520.569,-54.505,
00:00:17:850,0.559,-0.015,0.834,57.434,-503.785,-134.827,
00:00:17:867,0.448,0.043,0.666,53.161,-479.126,-204.712,
00:00:17:883,0.272,0.025,0.676,154.846,-442.261,-255.249,
00:00:17:900,0.148,0.005,0.695,139.465,-361.145,-277.771,
00:00:17:917,0.107,0.076,0.654,190.673,-317.261,-279.908,
00:00:17:933,-0.025,0.011,0.619,206.359,-253.113,-316.895,
00:00:17:950,-0.101,-0.043,0.715,164.611,-169.678,-315.247,
00:00:17:967,-0.075,0.107,0.725,113.525,-153.382,-286.988,
00:00:17:983,-0.192,0.097,0.804,67.199,-116.639,-262.391,
00:00:18:0,-0.191,0.255,0.844,24.902,-99.854,-179.139,
00:00:18:17,-0.236,0.295,0.912,97.168,-67.139,-88.868,
00:00:18:33,-0.23,0.383,0.938,181.335,-45.105,-37.049,
00:00:18:50,-0.227,0.346,1.014,199.585,-31.495,-11.963,
00:00:18:67,-0.228,0.447,0.998,180.297,-32.166,16.357,
00:00:18:83,-0.226,0.272,1.067,199.279,-17.701,23.437,
00:00:18:100,-0.149,0.347,1.074,235.046,-8.484,67.688,
00:00:18:117,-0.067,0.294,1.068,214.538,14.16,84.289,
00:00:18:133,0.041,0.349,0.964,263.244,24.719,98.571,
00:00:18:150,0.065,0.314,1.112,249.694,-28.016,87.585,
00:00:18:167,0.213,0.261,1.069,137.207,-101.502,116.272,
00:00:18:183,-0.043,0.124,1.168,119.384,-241.456,150.146,
00:00:18:200,-0.182,0.249,1.021,322.692,-149.414,114.196,
00:00:18:217,-0.034,0.06,0.898,261.047,-60.242,61.401,
00:00:18:233,0.028,0.111,1.043,92.224,-197.937,53.527,
00:00:18:250,-0.006,0.313,1.02,133.606,-183.838,21.484,
00:00:18:267,-0.081,0.045,1.291,64.331,-129.944,-10.987,
00:00:18:283,0.058,0.131,1.36,41.748,-57.129,20.629,
00:00:18:300,0.038,0.109,1.078,106.567,1.281,15.869,
00:00:18:317,-0.032,-0.015,0.807,67.504,1.586,1.586,
00:00:18:333,0.009,0.044,0.876,-27.71,24.108,-8.912,
00:00:18:350,0.026,-0.001,1.103,-131.836,-17.945,-19.837,
00:00:18:367,0.055,0.034,1.165,-72.327,-20.325,-9.827,
00:00:18:383,-0.051,0.137,0.931,63.842,-68.116,27.832,
00:00:18:400,-0.061,0.044,0.999,8.178,-10.254,37.841,
00:00:18:417,0.024,0.026,1.057,-62.195,-53.345,66.04,
00:00:18:433,-0.025,-0.031,1.049,-69.825,-61.951,66.955,
00:00:18:450,0.035,0.084,1.018,-56.336,-62.867,57.983,
00:00:18:467,-0.016,0.205,1.068,9.521,-62.5,59.753,
00:00:18:483,-0.033,0.158,1.033,61.157,-45.105,69.397,
00:00:18:500,-0.025,0.099,0.992,31.921,-34.302,73.791,
00:00:18:517,-0.014,0.108,0.964,10.192,-21.302,70.678,
00:00:18:533,-0.047,0.019,1.034,-27.466,-18.494,67.199,
00:00:18:550,-0.05,0.018,1.09,-39.246,-24.292,68.847,
00:00:18:567,-0.07,0.047,1.023,-59.693,-35.401,73.486,
00:00:18:583,0.013,0.037,0.997,-99.915,-22.217,81.787,
00:00:18:600,0.018,0.043,0.945,-72.388,-33.265,82.275,
00:00:18:617,-0.021,0.123,0.907,-70.069,-18.86,84.533,
00:00:18:633,-0.021,0.108,1,-64.82,31.921,85.632,
00:00:18:650,0.042,0.028,1.118,-114.624,43.151,86.303,
00:00:18:667,-0.014,0.045,1.031,-28.809,46.569,95.764,
00:00:18:683,0.013,-0.026,0.852,33.813,53.711,87.219,
00:00:18:700,0.019,-0.12,0.937,-48.584,75.5,53.833,
00:00:18:717,0.082,-0.047,1.045,-96.924,79.834,43.151,
00:00:18:733,0.047,-0.044,1.072,-66.529,64.636,34.057,
00:00:18:750,-0.034,0.289,0.85,77.636,42.297,39.917,
00:00:18:767,-0.081,0.196,0.915,-6.531,119.323,64.941,
00:00:18:783,-0.023,0.033,1.126,-135.56,165.771,77.087,
00:00:18:800,0.035,-0.096,1.166,-129.09,194.885,69.519,
00:00:18:817,-0.008,-0.048,1.105,-103.943,199.585,54.199,
00:00:18:833,0.048,0.157,1.019,-124.634,297.973,11.108,
00:00:18:850,0.033,0.246,0.97,-121.949,385.131,24.108,
00:00:18:867,0.041,0.219,0.854,-148.072,491.333,46.02,
00:00:18:883,0.078,0.217,0.927,-195.984,466.247,81.787,
00:00:18:900,0.041,0.251,0.994,-283.265,365.478,146.667,
00:00:18:917,0.181,-0.053,1.134,-374.634,295.898,187.194,
00:00:18:933,0.315,-0.142,1.304,-385.621,134.46,189.697,
00:00:18:950,0.47,-0.141,1.293,-282.105,-25.452,148.376,
00:00:18:967,0.451,0.051,1.207,-127.015,-150.513,102.111,
00:00:18:983,0.428,0.102,1.177,-64.209,-243.775,79.101,
00:00:19:0,0.256,0.15,1.139,60.73,-217.102,31.433,
00:00:19:17,0.276,0.186,1.083,-10.743,-214.844,35.705,
00:00:19:33,0.207,0.278,0.957,114.135,-153.931,-9.583,
00:00:19:50,0.176,0.031,0.79,193.237,-168.702,17.273,
00:00:19:67,0.101,-0.006,0.83,59.387,-183.96,-11.414,
00:00:19:83,0.185,0.068,0.848,-37.415,-191.163,-41.565,
00:00:19:100,0.139,0.161,0.968,-20.63,-137.879,-101.014,
00:00:19:117,0.151,0.177,0.962,56.274,3.234,-205.018,
00:00:19:133,0.081,0.073,0.831,156.799,147.277,-329.468,
00:00:19:150,0.075,-0.074,0.685,208.252,212.829,-390.992,
00:00:19:167,-0.003,-0.095,0.713,179.138,186.462,-401.429,
00:00:19:183,-0.017,0.057,0.763,77.148,209.228,-414.612,
00:00:19:200,-0.1,0.113,0.906,96.557,226.989,-423.951,
00:00:19:217,-0.197,0.117,1.017,64.697,339.172,-438.965,
00:00:19:233,-0.206,0.169,1.078,-10.621,453.247,-430.42,
00:00:19:250,-0.126,0.114,0.977,32.104,452.209,-339.173,
00:00:19:267,-0.172,0.096,0.951,-27.344,372.497,-281.067,
00:00:19:283,-0.121,0.218,0.998,-146.607,326.904,-230.286,
00:00:19:300,-0.112,0.242,1.005,-188.05,268.31,-187.317,
00:00:19:317,-0.085,0.231,1.107,-237.549,257.934,-163.086,
00:00:19:333,-0.023,0.23,1.203,-234.192,284.546,-151.429,
00:00:19:350,0.004,0.235,1.119,-240.235,281.005,-154.114,
00:00:19:367,0.039,0.204,1.007,-270.081,236.938,-107.911,
00:00:19:383,0.032,0.262,0.918,-309.205,174.682,-48.829,
00:00:19:400,0.018,0.299,1.009,-373.169,160.949,-39.551,
00:00:19:417,-0.003,0.174,1.138,-501.648,254.76,-49.256,
00:00:19:433,0.099,0.315,1.128,-554.078,353.942,-57.801,
00:00:19:450,0.34,0.154,0.907,-294.861,403.32,-77.21,
00:00:19:467,0.38,0.077,0.994,-360.352,160.339,-62.561,
00:00:19:483,0.226,0.082,0.858,-562.195,118.347,-37.049,
00:00:19:500,0.209,0.279,0.944,-671.814,156.677,-71.473,
00:00:19:517,0.244,0.317,1.095,-587.159,251.648,-158.57,
00:00:19:533,0.269,0.364,1.065,-426.026,331.97,-324.097,
00:00:19:550,0.349,0.337,0.822,-143.616,392.822,-455.75,
00:00:19:567,0.581,-0.174,0.894,-71.351,286.987,-216.919,
00:00:19:583,0.477,0.354,0.841,-261.658,66.894,-237.671,
00:00:19:600,0.385,0.077,1.114,28.015,245.178,-324.769,
00:00:19:617,0.571,0.197,0.913,93.078,281.738,-398.255,
00:00:19:633,0.439,0.304,0.696,135.742,312.439,-425.66,
00:00:19:650,0.357,0.388,0.632,270.507,361.938,-375,
00:00:19:667,0.516,-0.134,0.667,277.16,372.924,-290.467,
00:00:19:683,0.531,-0.042,0.848,-50.782,253.784,-253.968,
00:00:19:700,0.525,0.186,0.988,-114.319,190.124,-190.491,
00:00:19:717,0.501,0.248,1.068,-53.223,166.809,-152.649,
00:00:19:733,0.485,0.138,1.026,1.037,111.816,-113.038,
00:00:19:750,0.487,0.027,0.775,10.986,67.749,-72.876,
00:00:19:767,0.416,0.167,0.566,12.023,62.927,-111.817,
00:00:19:783,0.457,0.237,0.652,32.714,126.648,-144.959,
00:00:19:800,0.561,0.266,0.905,5.371,113.281,-135.926,
00:00:19:817,0.579,0.12,0.963,-44.434,80.749,-103.211,
00:00:19:833,0.557,0.233,0.967,-76.722,72.815,-99.366,
00:00:19:850,0.514,0.236,0.847,-35.218,94.116,-98.877,
00:00:19:867,0.464,0.238,0.835,26.794,123.779,-96.924,
00:00:19:883,0.487,0.099,0.828,-10.56,88.317,-85.083,
00:00:19:900,0.497,0.182,0.8,-104.92,53.466,-102.417,
00:00:19:917,0.503,0.211,0.869,-102.723,52.856,-91.37,
00:00:19:933,0.555,0.167,0.812,-33.387,50.048,-91.736,
00:00:19:950,0.502,0.068,0.714,-43.274,27.526,-87.83,
00:00:19:967,0.527,0.256,0.758,-83.008,40.466,-75.684,
00:00:19:983,0.604,0.192,0.864,-46.692,25.268,-35.462,
00:00:20:0,0.572,0.164,0.807,7.873,-0.55,-36.622,
00:00:20:17,0.558,0.252,0.732,38.574,-4.212,-52.918,
00:00:20:33,0.513,0.15,0.81,49.072,27.771,-38.575,
00:00:20:50,0.544,0.049,0.839,-4.639,11.23,-37.11,
00:00:20:67,0.559,0.157,0.865,-47.73,-14.405,-27.955,
00:00:20:83,0.549,0.277,0.864,-34.913,-36.56,-21.851,
00:00:20:100,0.446,0.21,0.899,-5.921,-29.053,-12.452,
00:00:20:117,0.447,0.182,0.919,-18.433,-15.992,-12.94,
00:00:20:133,0.412,0.173,0.862,-52.308,-28.687,13.366,
00:00:20:150,0.416,0.196,0.792,-54.505,-21.363,11.23,
00:00:20:167,0.428,0.229,0.788,-87.525,-35.035,25.94,
00:00:20:183,0.425,0.288,0.884,-73.121,-16.907,6.103,
00:00:20:200,0.471,0.211,0.926,-72.388,6.836,17.273,
00:00:20:217,0.525,0.136,0.959,-109.314,33.264,5.92,
00:00:20:233,0.406,0.282,0.769,-165.711,38.208,18.676,
00:00:20:250,0.496,0.26,0.742,-129.761,115.539,15.808,
00:00:20:267,0.546,0.221,0.766,-123.719,123.23,16.784,
00:00:20:283,0.551,0.191,0.744,-160.645,98.205,6.836,
00:00:20:300,0.565,0.263,0.661,-120.118,51.086,-6.409,
00:00:20:317,0.564,0.276,0.734,-43.946,25.878,-24.414,rollLH
00:00:20:333,0.579,0.288,0.948,101.562,49.194,-51.392,
00:00:20:350,0.628,0.155,1.076,54.443,95.825,-35.218,
00:00:20:367,0.573,0.302,0.997,-140.137,50.231,31.311,
00:00:20:383,0.524,0.237,0.746,-82.52,65.124,51.025,
00:00:20:400,0.549,0.233,0.636,-108.826,54.077,80.627,
00:00:20:417,0.77,0.316,0.726,-21.485,-26.856,97.717,
00:00:20:433,1.037,0.198,1.274,116.577,-231.507,122.863,
00:00:20:450,1.024,0.231,0.96,168.762,-326.233,114.38,
00:00:20:467,1.021,0.143,1.064,204.589,-517.151,91.613,
00:00:20:483,0.89,0.123,0.845,208.068,-572.327,80.139,
00:00:20:500,0.839,0.135,0.786,266.723,-579.59,45.471,
00:00:20:517,0.752,0.01,0.617,301.208,-569.764,3.601,
00:00:20:533,0.651,0.093,0.541,176.635,-566.04,-26.734,
00:00:20:550,0.594,0.081,0.598,84.106,-481.568,-48.34,
00:00:20:567,0.647,0.073,0.628,51.94,-400.33,-78.858,
00:00:20:583,0.605,0.004,0.65,56.701,-301.026,-109.559,
00:00:20:600,0.625,0.029,0.638,87.646,-231.69,-130.005,
00:00:20:617,0.519,-0.061,0.455,106.567,-165.223,-213.623,
00:00:20:633,0.389,-0.067,0.249,-29.541,-146.79,-283.57,
00:00:20:650,0.262,0.007,0.333,-122.254,-136.841,-280.274,
00:00:20:667,0.269,0.053,0.482,-114.747,-154.602,-255.066,
00:00:20:683,0.208,0.005,0.64,3.173,-121.827,-243.042,
00:00:20:700,0.133,-0.033,0.746,97.229,-92.957,-235.901,
00:00:20:717,0.026,-0.124,0.932,91.308,-36.866,-171.265,
00:00:20:733,-0.002,0.037,1.049,29.724,-60.242,-120.484,
00:00:20:750,-0.062,0.129,1.035,90.026,-32.593,-101.441,
00:00:20:767,0.013,0.347,0.944,137.146,-56.824,-27.771,
00:00:20:783,0.05,0.333,0.98,217.529,-82.886,40.283,
00:00:20:800,0.094,0.474,1.014,223.022,-167.176,127.99,
00:00:20:817,0.017,0.235,1.029,288.147,-187.317,97.351,
00:00:20:833,0.049,0.214,1.034,175.964,-273.682,156.433,
00:00:20:850,0.04,0.189,1.204,194.824,-295.289,139.831,
00:00:20:867,0.04,0.194,1.286,270.202,-238.953,153.93,
00:00:20:883,0.02,0.191,1.244,330.261,-227.784,168.945,
00:00:20:900,-0.006,0.166,1.182,316.284,-163.697,193.786,
00:00:20:917,0.067,0.203,0.959,256.164,-117.066,161.316,
00:00:20:933,0.385,0.128,1.3,28.381,-407.898,182.19,
00:00:20:950,0.159,0.258,1.276,-92.225,-445.191,258.484,
00:00:20:967,-0.026,0.341,1.154,199.768,-342.041,262.085,
00:00:20:983,0.061,0.047,1.023,318.115,-225.159,172.424,
00:00:21:0,0.099,0.145,0.916,207.763,-321.106,138.366,
00:00:21:17,-0.037,0.245,0.862,208.13,-350.098,85.388,
00:00:21:33,-0.162,0.536,0.718,186.34,-309.327,161.621,
00:00:21:50,-0.056,0.036,1.041,330.139,-327.149,14.526,
00:00:21:67,-0.251,0.313,1.228,128.296,-287.415,125.671,
00:00:21:83,-0.157,0.27,1.158,297.058,-116.761,129.821,
00:00:21:100,0.024,0.287,0.899,174.255,-114.136,125.854,
00:00:21:117,0.085,0.042,1.005,-14.405,-90.882,105.346,
00:00:21:133,0.082,0.068,1.062,-107.483,-95.215,104.675,
00:00:21:150,0.07,-0.012,1.183,-85.816,-99.915,86.303,
00:00:21:167,0.055,-0.046,1.339,-154.236,-115.052,85.876,
00:00:21:183,0.055,-0.09,1.336,-95.581,-123.536,88.256,
00:00:21:200,0.053,-0.015,0.906,-48.157,-190.125,119.018,
00:00:21:217,-0.007,0.169,0.768,-21.363,-151.917,110.046,
00:00:21:233,0.115,0.135,0.802,-35.218,-75.013,90.881,
00:00:21:250,0.078,0.011,0.978,-33.936,-72.998,102.966,
00:00:21:267,0.046,0.013,1.088,-23.804,-64.942,99.914,
00:00:21:283,0.051,0.016,1.138,37.353,-39.795,82.58,
00:00:21:300,0.031,0.091,0.987,39.672,-65.491,98.51,
00:00:21:317,-0.038,0.164,0.873,52.002,-61.036,112.06,
00:00:21:333,-0.052,0.075,0.906,12.634,-31.128,127.868,
00:00:21:350,-0.065,0.114,1.043,-68.97,-18.494,123.291,
00:00:21:367,-0.033,0.232,1.122,-59.082,-3.968,128.906,
00:00:21:383,0.001,0.125,1.137,62.011,30.944,126.281,
00:00:21:400,0,0.011,1.026,75.988,11.352,116.333,
00:00:21:417,0.007,0.013,0.961,-11.292,28.015,97.778,
00:00:21:433,0.014,0.111,0.972,-96.619,75.622,81.665,
00:00:21:450,-0.002,0.109,1.006,-90.821,130.859,69.763,
00:00:21:467,0.051,0.042,1.076,-57.373,145.202,56.152,
00:00:21:483,0.041,0.036,1.085,-32.044,161.255,48.278,
00:00:21:500,0.047,-0.12,1.009,-75.257,182.495,39.794,
00:00:21:517,0.075,-0.015,0.915,-144.471,203.064,25.756,
00:00:21:533,0.108,0.103,0.864,-182.923,221.008,3.906,
00:00:21:550,0.07,0.118,1.008,-264.893,231.567,19.653,
00:00:21:567,-0.015,0.132,1.123,-309.021,287.353,48.645,
00:00:21:583,-0.031,0.233,1.112,-289.49,362.182,110.351,
00:00:21:600,-0.02,0.252,0.986,-173.829,456.604,166.259,
00:00:21:617,0.078,0.087,0.969,-192.444,461.547,179.748,
00:00:21:633,0.424,-0.09,1.186,-279.725,327.27,137.695,
00:00:21:650,0.392,0.045,1.083,-296.326,141.296,162.109,
00:00:21:667,0.537,-0.121,1.091,-218.75,34.301,110.412,
00:00:21:683,0.515,0.004,1.239,-195.862,-86.609,75.012,
00:00:21:700,0.289,0.16,1.094,-169.19,-64.331,99.548,
00:00:21:717,0.629,-0.029,1.18,52.002,-93.689,-23.682,
00:00:21:733,0.419,0.322,1.075,-86.853,-225.892,18.31,
00:00:21:750,0.293,0.168,0.937,61.035,-195.923,-36.683,
00:00:21:767,0.093,0.152,0.857,27.648,-191.59,-64.27,
00:00:21:783,-0.023,0.126,0.835,-53.589,-118.836,-86.365,
00:00:21:800,-0.098,0.047,0.833,-140.137,-45.716,-135.621,
00:00:21:817,-0.173,0,0.769,-123.047,-29.358,-149.109,
00:00:21:833,-0.307,0.146,0.706,-151.062,-10.743,-203.431,
00:00:21:850,-0.433,0.23,0.749,-63.721,51.269,-230.591,
00:00:21:867,-0.448,0.138,0.92,-81.482,219.604,-234.436,
00:00:21:883,-0.29,0.135,1.048,-192.139,382.202,-236.939,
00:00:21:900,-0.095,0.235,0.962,-68.787,492.859,-221.558,
00:00:21:917,-0.044,0.027,0.902,115.173,489.868,-221.436,
00:00:21:933,0.167,0,0.886,157.043,436.096,-215.394,
00:00:21:950,0.279,-0.051,1.014,145.202,332.397,-218.323,
00:00:21:967,0.424,-0.049,1.031,57.067,296.386,-243.287,
00:00:21:983,0.432,0.041,0.988,-19.41,257.08,-284.424,
00:00:22:0,0.374,0.111,0.861,-37.537,268.188,-326.233,
00:00:22:17,0.362,0.163,0.681,-0.733,278.564,-337.952,
00:00:22:33,0.285,-0.009,0.669,103.576,311.462,-331.727,
00:00:22:50,0.329,0.002,0.495,110.412,382.995,-329.041,
00:00:22:67,1.151,-0.146,1.59,-330.811,-223.877,-293.457,
00:00:22:83,0.997,0.25,1.557,-680.42,-426.575,-28.748,
00:00:22:100,0.08,0.436,1.026,161.438,-54.322,-145.203,
00:00:22:117,0.358,-0.115,0.536,488.159,220.092,-370.606,
00:00:22:133,0.412,0.078,0.87,-184.449,-30.213,-263.184,
00:00:22:150,0.14,0.396,1.065,-87.403,45.41,-246.705,
00:00:22:167,0.071,0.417,1.18,255.005,149.719,-224.854,
00:00:22:183,0.093,-0.112,0.864,167.175,203.186,-111.451,
00:00:22:200,0.103,0.084,0.815,-9.217,113.098,-99.06,
00:00:22:217,0.154,0.034,0.923,-41.626,189.331,-78.614,
00:00:22:233,0.31,0.161,1.127,-84.107,163.208,-63.355,
00:00:22:250,0.394,0.1,1.11,14.709,189.575,-68.97,
00:00:22:267,0.427,0.02,0.891,10.681,177.002,-71.717,
00:00:22:283,0.379,0.142,0.7,23.681,161.132,-99.732,
00:00:22:300,0.419,-0.111,0.755,-25.818,215.576,-140.87,
00:00:22:317,0.536,-0.059,1.055,-120.484,186.828,-150.33,
00:00:22:333,0.567,0.005,1.054,-70.923,145.813,-148.072,
00:00:22:350,0.483,0.087,0.936,7.141,121.032,-122.254,
00:00:22:367,0.386,-0.019,0.803,70.922,131.347,-128.052,
00:00:22:383,0.406,0.023,0.797,28.503,83.557,-128.357,
00:00:22:400,0.455,0.083,0.873,59.631,66.772,-84.9,
00:00:22:417,0.373,-0.057,0.736,113.098,-21.668,-51.148,
00:00:22:433,0.313,-0.081,0.935,24.902,-16.358,-43.702,
00:00:22:450,0.41,0.082,1.048,8.361,-20.02,-45.35,
00:00:22:467,0.426,0.047,1.115,5.249,-20.325,-32.532,
00:00:22:483,0.436,-0.012,0.959,4.333,-43.763,-55.542,
00:00:22:500,0.467,0.051,0.783,62.988,-54.993,-57.74,
00:00:22:517,0.351,0.014,0.745,9.521,-38.575,-98.938,
00:00:22:533,0.429,0.028,0.889,-40.345,12.878,-84.168,
00:00:22:550,0.43,-0.095,1.048,-61.219,9.521,-91.126,
00:00:22:567,0.463,-0.019,1.015,-42.298,-19.959,-107.178,
00:00:22:583,0.302,0.301,0.818,-8.484,-60.364,-94.849,
00:00:22:600,0.197,-0.172,1.079,-67.872,41.687,-50.599,
00:00:22:617,0.387,-0.026,1.063,-87.403,18.371,-39.673,
00:00:22:633,0.374,0.069,1.01,-126.465,-57.557,-43.213,
00:00:22:650,0.356,0.269,0.849,-87.891,-84.961,-17.945,
00:00:22:667,0.192,0.133,0.963,-51.209,-58.35,-15.32,
00:00:22:683,0.274,-0.077,0.93,-108.765,21.301,-39.002,
00:00:22:700,0.478,-0.03,1.092,-192.139,52.978,-46.509,
00:00:22:717,0.624,0.068,0.958,-76.355,25.207,-74.646,
00:00:22:733,0.416,0.222,0.753,-48.462,-55.726,-79.529,
00:00:22:750,0.256,0.172,0.707,106.384,-18.616,-105.286,
00:00:22:767,0.285,-0.106,0.875,-28.87,53.833,-93.811,
00:00:22:783,0.462,0.158,0.922,-70.984,10.925,-80.872,
00:00:22:800,0.351,0.094,1,-77.881,-20.569,-72.449,
00:00:22:817,0.375,0.009,1.062,-125.123,-61.524,-32.715,
00:00:22:833,0.363,-0.081,1.115,-198.243,-95.459,-29.847,
00:00:22:850,0.446,0.052,1.022,-156.311,-131.653,-25.391,
00:00:22:867,0.425,0.099,0.937,-200.623,-148.499,-75.196,
00:00:22:883,0.322,0.232,0.791,-100.647,-145.691,-88.196,
00:00:22:900,0.217,0.229,0.806,-25.818,-92.53,-108.826,
00:00:22:917,0.146,0.194,0.862,75.073,-72.998,-102.173,
00:00:22:933,0.15,0.185,1.057,17.15,-149.537,-49.439,
00:00:22:950,-0.018,0.358,0.813,-4.761,-122.132,33.203,
00:00:22:967,-0.056,0.384,1.205,30.395,-231.507,14.648,
00:00:22:983,-0.045,0.75,1.245,-45.655,-340.699,170.959,
00:00:23:0,-0.181,0.615,1.184,140.136,-274.781,163.818,
00:00:23:17,-0.172,0.62,1.123,160.339,-260.193,190.185,
00:00:23:33,-0.251,0.654,1.109,240.661,-199.524,200.622,
00:00:23:50,-0.285,0.517,1.11,288.33,-72.388,187.133,
00:00:23:67,-0.212,0.382,0.931,212.89,38.574,216.43,
00:00:23:83,-0.129,0.119,0.795,98.022,88.256,298.889,
00:00:23:100,-0.092,0.255,0.736,-88.257,67.077,323.974,
00:00:23:117,-0.013,0.226,0.837,32.531,78.674,268.31,
00:00:23:133,0.039,-0.159,1.134,1.709,226.074,214.599,
00:00:23:150,0.174,-0.1,1.203,-315.369,341.064,212.219,
00:00:23:167,0.272,0.023,0.965,-260.376,399.17,86.792,
00:00:23:183,0.378,-0.188,0.808,38.513,437.133,119.079,
00:00:23:200,0.393,-0.406,0.746,-94.239,416.137,94.665,
00:00:23:217,0.487,-0.135,0.817,-318.177,287.902,96.252,
00:00:23:233,0.585,-0.043,0.928,-326.111,277.771,46.997,
00:00:23:250,0.666,-0.011,0.936,-296.753,234.68,27.832,
00:00:23:267,0.61,-0.002,0.872,-176.209,210.083,-18.067,
00:00:23:283,0.6,-0.051,0.802,8.483,193.481,-46.998,
00:00:23:300,0.586,-0.203,0.775,-24.842,198.547,-68.482,
00:00:23:317,0.574,-0.106,0.704,-277.222,133.056,-86.976,
00:00:23:333,0.472,-0.017,0.718,-442.322,130.676,-100.953,
00:00:23:350,0.503,0.139,0.756,-438.294,139.648,-112.671,
00:00:23:367,0.53,0.153,0.844,-217.53,235.168,-147.4,
00:00:23:383,0.604,0.021,0.846,-95.459,220.031,-201.783,
00:00:23:400,0.598,-0.089,0.801,-163.758,223.632,-221.009,
00:00:23:417,0.586,-0.047,0.707,-337.708,196.594,-206.788,
00:00:23:433,0.569,0.123,0.657,-526.49,172.363,-210.328,
00:00:23:450,0.533,0.249,0.696,-391.175,180.603,-239.869,
00:00:23:467,0.568,0.137,0.649,-164.978,249.939,-276.001,
00:00:23:483,0.581,-0.002,0.534,-205.323,332.885,-310.547,
00:00:23:500,0.484,0.074,0.27,-364.441,379.516,-311.707,
00:00:23:517,1.068,1.56,0.763,12.817,146.606,-376.16,
00:00:23:533,1.074,0.433,1.528,496.154,-32.532,-149.964,
00:00:23:550,0.827,-0.249,1.327,147.338,-76.6,-44.678,
00:00:23:567,0.552,-0.004,0.901,-47.547,32.104,-193.909,
00:00:23:583,0.488,0.057,1.002,-82.276,233.947,-142.762,
00:00:23:600,0.562,0.44,0.882,-145.264,194.03,-134.217,
00:00:23:617,0.525,0.289,0.956,4.15,161.071,-148.804,
00:00:23:633,0.487,0.143,0.934,-30.945,136.108,-123.658,
00:00:23:650,0.483,0.083,0.766,-124.634,89.05,-107.422,
00:00:23:667,0.462,-0.015,0.718,-131.348,93.505,-81.91,
00:00:23:683,0.624,0.131,0.678,-120.423,86.181,-85.999,
00:00:23:700,0.673,0.226,0.68,-27.283,65.734,-102.295,
00:00:23:717,0.652,0.301,0.633,12.268,24.963,-83.435,
00:00:23:733,0.603,0.235,0.668,71.655,32.836,-63.477,
00:00:23:750,0.656,0.035,0.66,65.002,34.668,-55.603,
00:00:23:767,0.658,0.145,0.645,-46.631,3.967,-47.73,
00:00:23:783,0.611,0.249,0.704,-29.175,39.489,-76.539,
00:00:23:800,0.669,0.276,0.768,70.068,105.59,-84.778,
00:00:23:817,0.666,0.034,0.761,22.155,46.203,-86.548,
00:00:23:833,0.599,0.171,0.72,-3.113,14.038,-92.102,
00:00:23:850,0.52,0.136,0.741,97.473,22.461,-101.685,
00:00:23:867,0.5,0.168,0.73,231.933,31.738,-136.597,
00:00:23:883,0.5,0.215,0.77,305.42,-38.392,-150.33,
00:00:23:900,0.461,0.174,0.847,294.433,-129.639,-161.927,
00:00:23:917,0.46,0.12,0.961,262.695,-232.727,-78.675,
00:00:23:933,0.364,0.103,1.089,220.337,-309.205,-22.522,
00:00:23:950,0.363,0.093,1.035,328.43,-308.411,-47.242,
00:00:23:967,0.369,-0.013,1.016,352.05,-350.464,-59.571,
00:00:23:983,0.359,0.047,0.959,334.716,-382.447,-48.645,
00:00:24:0,0.405,0.102,1.185,401.733,-406.311,-79.163,
00:00:24:17,0.435,0.186,1.232,295.41,-465.699,9.216,
00:00:24:33,0.257,0.038,1.097,389.587,-439.759,-5.494,
00:00:24:50,0.324,-0.089,1.34,443.298,-494.873,-56.275,
00:00:24:67,0.116,0.076,1.229,383.85,-565.247,-70.069,
00:00:24:83,-0.048,0.043,1.139,366.455,-487,-48.829,
00:00:24:100,-0.039,0.047,1.088,187.866,-433.838,-29.358,
00:00:24:117,0.008,-0.007,1.064,2.807,-280.518,89.355,
00:00:24:133,0.089,-0.059,1,-94.3,-202.759,198.669,
00:00:24:150,0.227,-0.001,0.931,-174.561,-164.124,256.836,
00:00:24:167,0.322,0.016,0.785,-110.596,-77.515,257.995,
00:00:24:183,0.457,-0.053,0.649,-157.349,-58.289,265.503,
00:00:24:200,0.54,-0.124,0.701,-195.862,-60.059,208.435,
00:00:24:217,0.579,-0.156,0.713,-187.989,-100.769,136.963,
00:00:24:233,0.516,-0.29,0.755,-230.591,-54.749,110.046,
00:00:24:250,0.558,-0.092,0.703,-341.187,-77.698,117.981,
00:00:24:267,0.533,0.004,0.697,-220.826,-66.651,63.415,
00:00:24:283,0.562,-0.15,0.668,-141.053,-14.161,40.039,
00:00:24:300,0.595,-0.119,0.709,-225.281,-54.505,70.556,
00:00:24:317,0.514,-0.188,0.733,-241.028,-32.959,76.171,rollLH
00:00:24:333,0.544,-0.075,0.791,-300.11,-68.238,125.061,
00:00:24:350,0.567,0.037,0.827,-235.962,-85.572,174.133,
00:00:24:367,0.588,0.118,0.787,-70.923,-158.814,222.9,
00:00:24:383,0.494,-0.044,0.746,-25.574,-152.71,268.798,
00:00:24:400,0.456,-0.016,0.78,-86.243,-273.438,316.833,
00:00:24:417,0.368,0.01,0.895,-115.357,-361.084,337.463,
00:00:24:433,0.286,0.086,0.938,-76.111,-423.096,347.778,
00:00:24:450,0.159,0.041,0.965,61.096,-388.55,338.134,
00:00:24:467,0.086,-0.038,0.976,148.925,-431.153,326.233,
00:00:24:483,-0.132,0.351,0.95,267.334,-271.668,273.437,
00:00:24:500,-0.215,0.112,0.777,320.19,-58.472,148.254,
00:00:24:517,-0.022,0.222,0.852,230.529,-18.799,157.592,
00:00:24:533,-0.105,0.276,0.896,255.615,60.302,129.211,
00:00:24:550,-0.098,0.272,0.88,323.181,140.197,91.064,
00:00:24:567,-0.026,0.168,0.884,284.973,157.714,50.781,
00:00:24:583,0.01,0.216,0.979,257.812,175.354,12.634,
00:00:24:600,0.236,0.479,1.328,346.435,-94.849,3.051,
00:00:24:617,0.046,-0.22,1.643,85.693,-279.786,-5.555,
00:00:24:633,-0.271,0.713,1.334,369.629,-283.326,265.503,
00:00:24:650,-0.024,-0.214,1.265,610.839,-154.541,146.606,
00:00:24:667,0.229,-0.279,1.235,12.39,-364.808,256.591,
00:00:24:683,-0.046,0.216,1.035,-26.978,-315.491,200.378,
00:00:24:700,0.064,0.227,0.597,190.734,-76.783,53.039,
00:00:24:717,0.325,0.188,0.765,-10.621,-59.571,-39.978,
00:00:24:733,0.203,0.32,1.093,-53.772,-81.91,-36.255,
00:00:24:750,0.107,-0.132,1.179,68.115,-53.711,-59.571,
00:00:24:767,0.03,-0.284,1.305,-93.873,-85.083,-88.562,
00:00:24:783,0.091,0.14,1.266,-95.154,-72.754,-90.699,
00:00:24:800,0.103,0.165,1.159,116.027,-68.177,-71.839,
00:00:24:817,0.102,-0.014,1.003,148.925,-58.472,-53.101,
00:00:24:833,0.053,-0.1,0.865,89.355,-48.523,-55.176,
00:00:24:850,0.13,-0.072,0.969,-39.856,13.977,-55.054,
00:00:24:867,0.216,-0.067,0.991,4.882,13.977,-90.699,
00:00:24:883,0.263,-0.101,0.957,76.11,-38.392,-133.362,
00:00:24:900,0.185,-0.002,0.903,70.8,-71.167,-165.284,
00:00:24:917,0.076,-0.003,0.965,68.237,-30.701,-158.509,
00:00:24:933,0.027,-0.132,1.014,31.189,20.813,-149.964,
00:00:24:950,0.033,-0.108,1.08,25.207,-8.851,-143.494,
00:00:24:967,0.044,0.024,1.107,19.043,-58.716,-89.783,
00:00:24:983,0.026,-0.013,0.987,130.676,-57.862,-76.6,
00:00:25:0,0.074,0.034,0.924,102.722,-56.702,-52.308,
00:00:25:17,0.061,-0.148,1.017,-37.049,-49.5,-65.247,
00:00:25:33,0.101,-0.061,1.124,-124.268,-39.673,-96.924,
00:00:25:50,0.095,0.031,1.05,-43.213,-36.622,-102.967,
00:00:25:67,0.059,0.006,0.981,-24.964,-25.147,-110.413,
00:00:25:83,0.046,-0.026,1.049,-9.095,-18.677,-120.85,
00:00:25:100,0.084,-0.031,1.094,2.685,-9.888,-134.034,
00:00:25:117,0.093,-0.015,1.015,93.322,-10.315,-132.325,
00:00:25:133,0.118,-0.079,0.983,38.94,-25.269,-151.978,
00:00:25:150,0.043,-0.077,0.932,45.654,-25.696,-161.988,
00:00:25:167,0.056,-0.032,0.931,-57.862,-30.579,-172.669,
00:00:25:183,-0.036,0.189,1.099,-74.83,-56.763,-118.042,
00:00:25:200,0.117,-0.169,1.117,-62.867,6.225,-99.549,
00:00:25:217,0.123,-0.106,0.978,-80.628,-10.437,-128.724,
00:00:25:233,0.109,-0.061,0.964,-97.718,45.959,-183.289,
00:00:25:250,0.128,-0.019,1.022,-50.171,84.045,-194.581,
00:00:25:267,0.05,0.003,1.045,-19.349,110.839,-159.668,
00:00:25:283,0.026,0.196,0.949,80.81,172.729,-120.118,
00:00:25:300,0.05,0.156,1.025,191.162,152.404,-90.394,
00:00:25:317,-0.014,-0.009,1.032,196.716,124.145,-68.177,
00:00:25:333,0.041,0.002,0.998,132.568,45.471,-37.171,
00:00:25:350,0.048,0.099,0.935,165.832,1.586,-39.551,
00:00:25:367,0.175,-0.038,1.095,113.037,-80.201,-72.693,
00:00:25:383,-0.012,0.232,1.066,20.324,-198.792,-23.194,
00:00:25:400,0.032,0.024,1.352,59.814,-234.009,-67.688,
00:00:25:417,-0.053,0.396,1.277,22.766,-319.458,5.249,
00:00:25:433,-0.176,0.232,1.023,-55.176,-272.706,-3.174,
00:00:25:450,-0.325,0.346,1.062,9.033,-297.913,-11.414,
00:00:25:467,-0.376,0.259,0.951,-33.265,-197.51,51.696,
00:00:25:483,-0.338,0.162,0.901,-364.014,-70.13,191.345,
00:00:25:500,-0.266,0.178,0.926,-249.634,37.109,225.28,
00:00:25:517,-0.157,-0.096,0.96,-174.134,153.808,231.14,
00:00:25:533,0.032,-0.291,0.893,-246.521,235.717,247.192,
00:00:25:550,0.208,-0.266,0.831,-312.378,200.744,231.872,
00:00:25:567,0.259,-0.253,0.83,-280.213,151.55,178.833,
00:00:25:583,0.221,-0.18,0.861,-214.539,145.752,145.63,
00:00:25:600,0.254,-0.264,0.891,-137.452,229.675,116.455,
00:00:25:617,0.31,-0.265,0.856,-176.941,268.371,117.126,
00:00:25:633,0.309,-0.2,0.836,-174.5,257.019,113.403,
00:00:25:650,0.272,-0.02,0.87,-72.327,229.187,108.093,
00:00:25:667,0.253,0.072,0.886,-17.945,243.286,147.277,
00:00:25:683,0.219,-0.022,0.881,12.023,252.136,174.011,
00:00:25:700,0.25,-0.003,0.879,22.338,251.526,207.092,
00:00:25:717,0.249,-0.023,0.908,89.111,225.647,196.167,
00:00:25:733,0.269,-0.06,0.98,151.367,216.186,157.043,
00:00:25:750,0.178,-0.149,1.035,209.594,231.689,81.298,
00:00:25:767,0.167,-0.218,1.067,222.168,272.949,39.489,
00:00:25:783,0.193,-0.155,0.97,200.317,261.291,22.827,
00:00:25:800,0.531,-0.577,1.438,-47.059,-106.507,-100.586,
00:00:25:817,-0.006,0.44,1.604,-91.553,-365.418,181.579,
00:00:25:833,-0.241,0.059,1.184,467.041,-142.518,59.936,
00:00:25:850,0.208,-0.125,1.019,452.697,-184.998,72.753,
00:00:25:867,0.056,0.099,0.507,382.385,-197.571,89.416,
00:00:25:883,0.063,0.142,0.317,518.005,-47.242,-33.997,
00:00:25:900,0.593,-0.43,0.561,203.735,-168.702,-190.857,
00:00:25:917,0.357,-0.091,0.992,-144.227,-332.398,-236.206,
00:00:25:933,0.127,-0.171,1.407,-135.621,-148.743,-329.773,
00:00:25:950,0.078,-0.355,1.45,123.108,-5.86,-251.77,
00:00:25:967,0.074,-0.26,1.091,181.701,-73.365,-205.445,
00:00:25:983,0.03,-0.018,0.751,224.182,-94.727,-172.791,
00:00:26:0,0.042,-0.036,0.765,201.233,-78.309,-157.349,
00:00:26:17,0.131,-0.257,0.9,177.673,-24.048,-163.025,
00:00:26:33,0.199,-0.308,1.087,68.359,-45.35,-175.782,
00:00:26:50,0.124,-0.211,1.143,1.77,-76.477,-177.918,
00:00:26:67,-0.003,-0.073,1.094,22.033,-84.107,-160.645,
00:00:26:83,-0.001,-0.014,1.01,140.075,-22.034,-93.689,
00:00:26:100,0.052,-0.179,1.053,67.565,-1.526,-88.074,
00:00:26:117,0.047,-0.258,1.072,-1.709,-1.038,-108.338,
00:00:26:133,0.058,-0.074,1.057,-24.72,3.295,-114.747,
00:00:26:150,0.091,-0.117,1.016,57.006,23.498,-126.343,
00:00:26:167,0.062,-0.212,1.031,47.058,24.414,-126.099,
00:00:26:183,0.098,-0.217,0.937,8.056,17.578,-129.029,
00:00:26:200,0.086,-0.102,0.894,-52.918,5.92,-121.277,
00:00:26:217,0.062,-0.123,1,32.409,15.502,-130.677,
00:00:26:233,0.07,-0.222,1.078,0,9.826,-126.954,
00:00:26:250,0.077,-0.285,1.056,6.347,4.882,-148.499,
00:00:26:267,0.065,-0.197,0.937,-28.626,-35.035,-143.738,
00:00:26:283,-0.026,-0.061,1.001,-73.731,-55.909,-135.315,
00:00:26:300,-0.017,-0.085,1.113,-74.097,-54.688,-131.043,
00:00:26:317,-0.022,-0.055,1.172,-112.305,-63.05,-113.099,
00:00:26:333,-0.079,0.033,1.171,-143.616,-78.003,-93.995,
00:00:26:350,-0.04,0.016,1.165,-77.515,-33.997,-88.135,
00:00:26:367,0.027,-0.078,1.046,-52.369,-13.55,-83.008,
00:00:26:383,-0.013,-0.052,0.966,-144.898,35.461,-108.216,
00:00:26:400,0.021,-0.135,1.008,-338.013,320.984,-139.283,
00:00:26:417,0.066,0.022,1.069,-346.802,429.748,-115.967,
00:00:26:433,0.134,0.091,1.139,-245.606,504.089,-93.567,
00:00:26:450,0.16,-0.081,1.05,-148.926,421.264,-104.126,
00:00:26:467,0.141,-0.113,0.956,-118.348,308.166,-113.038,
00:00:26:483,0.287,-0.179,0.923,-3.907,185.791,-153.565,
00:00:26:500,0.431,-0.054,1.075,-18.677,-2.747,-153.26,
00:00:26:517,0.215,0.148,1.021,-63.355,-151.123,-110.352,
00:00:26:533,0.161,0.039,1.156,37.048,-152.161,-188.843,
00:00:26:550,0.037,0.294,1.147,-79.102,-222.718,-145.813,
00:00:26:567,-0.171,0.439,1.056,37.109,-194.092,-147.95,
00:00:26:583,-0.25,0.439,1.083,53.039,-161.377,-105.103,
00:00:26:600,-0.357,0.392,1.091,-51.453,-121.46,-20.447,
00:00:26:617,-0.479,0.293,1.211,-264.1,-50.965,42.724,
00:00:26:633,-0.467,0.345,1.199,-363.587,71.777,81.115,
00:00:26:650,-0.433,0.261,1.102,-394.532,183.593,114.074,
00:00:26:667,-0.377,0.34,1.031,-391.541,213.684,145.263,
00:00:26:683,-0.424,0.156,0.907,-485.352,256.713,215.026,
00:00:26:700,-0.357,0.247,0.843,-526.978,232.36,293.274,
00:00:26:717,-0.333,0.092,0.985,-541.993,252.624,312.927,
00:00:26:733,-0.219,0.013,1.115,-559.632,361.328,301.635,
00:00:26:750,-0.107,0.053,1.175,-443.238,466.858,205.932,
00:00:26:767,-0.01,-0.097,0.853,-421.509,513.549,176.391,
00:00:26:783,0.037,-0.129,0.768,-511.231,468.322,193.42,
00:00:26:800,0.115,-0.146,0.676,-503.296,449.707,140.991,
00:00:26:817,0.294,-0.271,0.806,-555.481,408.63,114.868,
00:00:26:833,0.383,-0.079,0.987,-640.931,368.469,55.175,
00:00:26:850,0.421,0.094,0.99,-516.785,427.551,-78.736,
00:00:26:867,0.518,-0.156,0.764,-358.704,436.95,-64.942,
00:00:26:883,0.61,-0.322,0.634,-405.518,320.495,-47.974,
00:00:26:900,0.61,-0.267,0.663,-622.803,263.488,-8.912,
00:00:26:917,0.592,-0.1,0.875,-707.764,266.784,-107.85,
00:00:26:933,0.698,0.215,1.002,-528.809,304.87,-174.256,
00:00:26:950,0.748,0.322,0.846,-213.501,376.037,-240.54,
00:00:26:967,0.698,0.182,0.669,-144.227,419.25,-241.15,
00:00:26:983,0.682,0.308,0.603,-243.103,347.351,-253.113,
00:00:27:0,0.627,0.313,0.561,-324.341,337.768,-260.56,
00:00:27:17,0.708,0.475,0.687,-421.082,255.981,-241.822,
00:00:27:33,0.657,0.52,0.819,-196.045,281.616,-294.19,
00:00:27:50,0.672,0.148,0.763,54.321,334.838,-264.161,
00:00:27:67,0.624,0.015,0.705,-51.331,296.447,-197.998,
00:00:27:83,0.589,0.123,0.661,-209.473,270.996,-220.093,
00:00:27:100,0.507,0.45,0.448,-171.448,221.923,-229.004,
00:00:27:117,0.892,0.659,1.258,216.98,-58.35,-272.217,
00:00:27:133,0.618,0.194,1.086,394.409,-44.312,-235.047,
00:00:27:150,0.558,0.144,0.734,310.058,37.231,-295.716,
00:00:27:167,0.515,0.26,0.836,251.526,124.206,-351.441,
00:00:27:183,0.569,0.46,0.882,174.621,170.044,-303.223,
00:00:27:200,0.584,0.332,1.044,204.101,166.87,-248.352,
00:00:27:217,0.59,0.075,1.148,260.864,113.708,-247.986,
00:00:27:233,0.613,0.104,0.977,158.447,35.156,-204.956,
00:00:27:250,0.524,0.198,0.712,112.915,7.69,-167.481,
00:00:27:267,0.492,0.159,0.561,98.571,18.798,-159.79,
00:00:27:283,0.509,0.149,0.618,109.192,22.216,-171.998,
00:00:27:300,0.522,0.285,0.707,181.213,6.591,-189.759,
00:00:27:317,0.556,0.19,0.774,227.539,-13.245,-170.96,
00:00:27:333,0.488,0.025,0.77,154.968,-37.171,-126.709,
00:00:27:350,0.552,0.051,0.875,161.621,-21.302,-130.982,
00:00:27:367,0.554,0.125,0.827,117.309,-43.152,-120.789,
00:00:27:383,0.511,0.31,0.817,119.751,-20.997,-111.268,
00:00:27:400,0.578,0.162,0.828,117.797,5.31,-110.718,
00:00:27:417,0.592,0.055,0.826,73.059,-3.113,-104.31,
00:00:27:433,0.584,0.167,0.721,38.757,-55.848,-112.061,
00:00:27:450,0.538,0.126,0.776,83.801,-33.814,-115.601,
00:00:27:467,0.598,0.067,0.867,95.947,5.737,-103.699,
00:00:27:483,0.547,-0.023,0.822,63.598,6.958,-82.886,
00:00:27:500,0.544,0.193,0.825,48.339,8.544,-89.722,
00:00:27:517,0.471,0.069,0.822,53.344,33.996,-74.036,
00:00:27:533,0.476,0.154,0.839,19.287,25.329,-63.782,
00:00:27:550,0.405,-0.066,0.814,83.618,15.319,-63.965,
00:00:27:567,0.378,0.08,0.797,1.586,6.103,-71.228,
00:00:27:583,0.368,0.175,0.849,-8.057,-47.852,-60.364,
00:00:27:600,0.33,0.159,0.912,-7.996,-126.465,-61.585,
00:00:27:617,0.402,0.125,1.328,37.902,-179.322,-46.753,
00:00:27:633,0.338,0.079,1.33,99.853,-178.65,-14.954,
00:00:27:650,0.367,0.236,1.18,14.221,-169.251,29.235,
00:00:27:667,0.418,0.331,1.056,19.714,-200.562,25.39,
00:00:27:683,0.407,0.107,0.958,61.035,-220.52,42.785,
00:00:27:700,0.496,-0.044,0.94,7.08,-237.671,49.865,
00:00:27:717,0.529,0.119,0.926,-1.893,-272.034,25.268,
00:00:27:733,0.47,0.052,0.891,27.526,-286.194,-15.381,
00:00:27:750,0.408,0.111,0.774,-36.438,-267.762,-16.419,
00:00:27:767,0.431,0.214,0.754,-4.578,-227.356,-66.102,
00:00:27:783,0.508,0.025,1.031,27.282,-296.204,-136.414,
00:00:27:800,0.281,0.122,0.663,45.532,-149.476,-137.513,
00:00:27:817,0.379,0.03,0.908,-38.453,-217.652,-164.185,
00:00:27:833,0.22,0.108,1,-56.397,-228.882,-166.26,
00:00:27:850,0.176,0.048,0.988,-10.254,-193.665,-148.072,
00:00:27:867,0.118,0.028,0.954,-32.044,-208.191,-113.831,
00:00:27:883,0.053,0.111,0.954,-60.547,-196.106,-98.45,
00:00:27:900,0.091,0.11,0.965,-37.842,-138.977,-71.045,
00:00:27:917,0.13,0.076,0.928,-38.88,-141.724,-33.326,
00:00:27:933,0.118,0.031,0.959,13,-85.877,-35.34,
00:00:27:950,0.205,0.082,0.913,-2.869,-13.245,-25.94,
00:00:27:967,0.258,0.152,0.794,-33.326,42.48,-50.66,
00:00:27:983,0.263,0.216,0.642,52.368,72.509,-99.427,
00:00:28:0,0.258,0.106,0.671,124.389,113.403,-156.617,
00:00:28:17,0.294,0.106,0.807,62.133,140.991,-154.602,
00:00:28:33,0.329,0.161,0.894,-5.616,174.011,-120.911,
00:00:28:50,0.306,0.167,0.824,64.148,221.801,-128.968,
00:00:28:67,0.274,0.105,0.737,134.521,258.911,-152.405,
00:00:28:83,0.353,0.188,0.765,145.752,253.906,-156.556,
00:00:28:100,1.027,0.056,1.679,-14.954,-114.197,-22.339,
00:00:28:117,0.247,0.198,1.468,-145.691,-237.793,26.123,
00:00:28:133,0.223,-0.01,1.016,212.158,-41.687,-1.221,
00:00:28:150,0.254,0.112,0.82,79.101,5.92,-102.539,
00:00:28:167,0.32,0.27,0.887,24.353,73.608,-81.36,
00:00:28:183,0.499,-0.023,1.046,79.65,81.543,-47.791,
00:00:28:200,0.303,0.008,1.247,9.948,-3.052,-51.148,
00:00:28:217,0.345,0.203,1.19,134.704,3.112,-21.851,
00:00:28:233,0.342,0.071,0.944,218.078,16.662,-26.551,
00:00:28:250,0.371,-0.042,0.768,166.565,-6.104,-29.786,
00:00:28:267,0.332,0.028,0.777,120.361,5.615,-60.669,
00:00:28:283,0.393,0.054,0.929,111.267,23.437,-43.396,
00:00:28:300,0.475,0.031,1.057,105.651,19.653,-23.133,
00:00:28:317,0.386,-0.094,1.02,128.296,5.859,-17.701,rollLH
00:00:28:333,0.275,-0.076,0.797,71.777,5.065,-7.325,
00:00:28:350,0.176,-0.032,0.68,5.249,8.056,9.155,
00:00:28:367,0.216,0.112,0.912,-81.727,54.626,50.72,
00:00:28:383,0.286,0.063,1.146,-32.166,55.236,63.659,
00:00:28:400,0.247,0.041,1.165,-4.334,42.236,30.822,
00:00:28:417,0.209,0.003,0.997,-2.076,58.41,50.537,
00:00:28:433,0.173,-0.011,0.785,-13.794,48.156,72.753,
00:00:28:450,0.15,-0.1,0.702,-102.478,86.608,79.345,
00:00:28:467,0.296,0.177,1.022,-152.588,125.366,75.866,
00:00:28:483,0.437,0.087,1.2,-86.67,126.22,84.045,
00:00:28:500,0.339,-0.055,1.03,-87.647,86.669,90.637,
00:00:28:517,0.381,0.074,0.868,-119.507,126.22,81.665,
00:00:28:533,0.405,-0.033,0.764,-171.998,196.106,109.619,
00:00:28:550,0.487,0.014,0.914,-206.971,218.628,104.004,
00:00:28:567,0.684,0.063,0.971,-198.121,223.51,108.825,
00:00:28:583,0.663,0.122,0.955,-152.527,235.229,83.679,
00:00:28:600,0.699,-0.059,0.86,-169.312,253.234,63.598,
00:00:28:617,0.719,-0.002,0.739,-194.886,248.108,70.922,
00:00:28:633,0.567,0.024,0.656,-185.73,224.731,70.678,
00:00:28:650,0.58,-0.019,0.717,-140.625,214.477,101.989,
00:00:28:667,0.492,-0.034,0.712,-166.26,141.113,130.676,
00:00:28:683,0.321,-0.108,0.836,-247.559,102.172,169.983,
00:00:28:700,0.411,0.093,0.924,-266.846,75.317,188.842,
00:00:28:717,0.428,0.112,1.11,-271.851,37.292,230.651,
00:00:28:733,0.562,0.123,1.248,-238.709,67.382,239.99,
00:00:28:750,0.773,0.194,1.191,-302.247,-47.791,253.418,
00:00:28:767,0.736,0.328,1.05,-256.104,-59.998,282.592,
00:00:28:783,0.818,0.255,0.645,-33.265,38.269,254.516,
00:00:28:800,1.009,-0.041,0.578,71.777,-0.367,186.096,
00:00:28:817,1.221,-0.14,0.68,39.978,-224.854,106.384,
00:00:28:833,1.163,-0.105,0.625,-9.644,-435.975,70.861,
00:00:28:850,1.046,-0.086,0.688,28.625,-595.704,-37.171,
00:00:28:867,1.006,-0.104,0.807,40.893,-633.118,-138.123,
00:00:28:883,0.952,-0.137,0.857,68.054,-537.598,-191.712,
00:00:28:900,0.889,-0.067,0.666,86.242,-474.549,-249.085,
00:00:28:917,0.717,-0.003,0.433,73.181,-495.667,-313.355,
00:00:28:933,0.555,-0.023,0.371,53.344,-540.589,-365.418,
00:00:28:950,0.481,-0.154,0.352,-36.438,-548.584,-373.352,
00:00:28:967,0.405,-0.046,0.542,-147.461,-601.197,-346.07,
00:00:28:983,0.255,0.006,0.725,-140.198,-541.138,-338.685,
00:00:29:0,0.179,0.036,0.797,-138.611,-442.81,-297.669,
00:00:29:17,0.13,0.247,0.822,-17.334,-385.621,-241.578,
00:00:29:33,-0.02,0.128,0.785,69.152,-269.471,-204.529,
00:00:29:50,-0.087,0.228,0.73,161.377,-267.945,-142.273,
00:00:29:67,-0.208,0.126,0.828,199.585,-216.248,-115.601,
00:00:29:83,-0.195,0.079,0.942,89.599,-196.656,-25.025,
00:00:29:100,-0.245,0.454,1.023,176.452,-128.174,39.245,
00:00:29:117,-0.338,0.366,1.029,325.988,18.676,26.794,
00:00:29:133,-0.247,0.476,0.97,391.296,78.247,87.036,
00:00:29:150,-0.264,0.323,0.975,399.292,68.969,65.856,
00:00:29:167,-0.273,0.222,1.03,248.352,49.499,101.379,
00:00:29:183,-0.206,0.206,1.117,31.86,29.663,141.235,
00:00:29:200,-0.163,0.426,1.233,4.15,8.483,133.117,
00:00:29:217,-0.108,0.38,1.255,118.042,57.006,128.845,
00:00:29:233,0.085,0.22,1.443,42.968,-156.067,125.183,
00:00:29:250,0.155,0.22,1.53,-222.352,-438.965,195.373,
00:00:29:267,-0.22,0.447,1.226,-5.555,-360.962,128.906,
00:00:29:283,-0.158,0.465,1.083,324.646,-113.282,33.325,
00:00:29:300,0.09,0.343,0.689,441.345,-18.555,2.441,
00:00:29:317,0.15,0.209,0.722,289.428,-174.622,51.391,
00:00:29:333,0.169,-0.001,0.798,-15.809,-188.477,21.179,
00:00:29:350,0.14,0.055,1.054,-92.835,-128.113,-76.111,
00:00:29:367,0.087,0.114,1.119,-35.157,-106.019,-84.168,
00:00:29:383,0.027,0.374,1.194,89.965,-110.657,-15.32,
00:00:29:400,0.005,0.1,1.093,212.341,-37.476,65.429,
00:00:29:417,0.022,-0.048,0.866,166.504,-51.514,139.648,
00:00:29:433,0.024,-0.001,0.929,-23.438,-119.568,149.536,
00:00:29:450,-0.025,0.129,1.127,-54.444,-89.234,170.41,
00:00:29:467,0.049,0.213,1.152,-1.77,-73.792,196.594,
00:00:29:483,0.058,0.111,1.118,100.341,-100.769,202.148,
00:00:29:500,0.053,-0.048,1.018,26.062,-88.074,179.748,
00:00:29:517,0.186,-0.076,1.006,-48.768,-74.585,131.897,
00:00:29:533,0.159,0.122,1.102,-32.41,-34.852,94.116,
00:00:29:550,0.129,0.141,1.045,49.133,-11.719,86.242,
00:00:29:567,0.099,-0.019,0.962,107.299,-3.968,63.11,
00:00:29:583,0.122,-0.022,0.953,67.443,9.826,58.532,
00:00:29:600,0.123,-0.098,0.998,-2.93,30.334,52.612,
00:00:29:617,0.15,-0.082,1.033,-17.273,25.451,61.035,
00:00:29:633,0.09,-0.006,0.886,11.779,3.723,74.279,
00:00:29:650,0.029,-0.005,0.888,12.878,-8.24,75.5,
00:00:29:667,0.113,0.051,1.134,-62.561,18.493,77.758,
00:00:29:683,0.106,-0.065,1.233,-7.935,24.353,82.824,
00:00:29:700,0.062,0.011,1.045,16.174,38.33,82.214,
00:00:29:717,-0.058,0.19,0.875,46.936,28.93,97.839,
00:00:29:733,-0.031,0.092,0.941,-73.67,67.749,121.338,
00:00:29:750,-0.046,0.098,1.083,-176.941,84.655,155.273,
00:00:29:767,0.041,0.037,1.172,-136.719,162.841,173.401,
00:00:29:783,0.043,0.081,1.106,-80.018,190.429,222.168,
00:00:29:800,0.024,0.005,1.01,-177.43,245.971,224.304,
00:00:29:817,0.159,0.028,0.924,-293.58,315.429,207.641,
00:00:29:833,0.27,0.121,0.893,-365.54,388.733,164.611,
00:00:29:850,0.377,-0.084,0.934,-417.542,401.855,108.703,
00:00:29:867,0.4,-0.212,0.986,-568.482,363.342,46.264,
00:00:29:883,0.452,0.049,1.091,-557.801,218.505,9.765,
00:00:29:900,0.397,0.145,1.244,-303.162,121.765,10.742,
00:00:29:917,0.333,0.129,1.264,-43.457,24.231,29.48,
00:00:29:933,0.332,-0.022,1.161,65.795,-33.204,72.509,
00:00:29:950,0.4,-0.115,1.08,39.123,-128.113,97.9,
00:00:29:967,0.482,0.005,1.01,-32.654,-241.822,132.507,
00:00:29:983,0.392,0.061,0.973,6.774,-332.215,114.257,
00:00:30:0,0.383,0.043,0.931,74.279,-331.788,78.796,
00:00:30:17,0.382,-0.011,0.893,136.84,-310.303,2.136,
00:00:30:33,0.385,-0.06,0.924,63.171,-277.039,-77.027,
00:00:30:50,0.366,-0.054,0.813,99.06,-233.216,-154.175,
00:00:30:67,0.335,0.032,0.736,160.156,-222.168,-226.929,
00:00:30:83,0.296,0.041,0.686,212.402,-202.149,-291.748,
00:00:30:100,0.197,0.054,0.674,168.701,-143.372,-333.069,
00:00:30:117,0.046,0.147,0.717,123.047,-78.797,-366.272,
00:00:30:133,-0.112,0.127,0.833,127.99,38.086,-394.776,
00:00:30:150,-0.172,0.166,0.847,203.674,142.944,-382.874,
00:00:30:167,-0.236,0.029,0.88,204.651,218.444,-361.817,
00:00:30:183,-0.206,0.109,0.933,55.542,242.431,-346.131,
00:00:30:200,-0.208,0.202,1.042,-14.222,243.713,-326.722,
00:00:30:217,-0.172,0.322,1.143,-38.269,284.118,-293.457,
00:00:30:233,-0.099,0.356,1.134,4.821,339.965,-263.916,
00:00:30:250,-0.033,0.242,1.014,-15.503,364.074,-245.85,
00:00:30:267,-0.023,0.256,0.941,-36.377,331.604,-248.047,
00:00:30:283,-0.012,0.211,0.993,-113.282,324.463,-287.72,
00:00:30:300,0.035,0.227,1.15,-79.712,321.96,-268.677,
00:00:30:317,0.087,0.172,1.175,-60.486,441.162,-375.977,
00:00:30:333,0.142,0.079,1.105,-153.26,530.151,-361.329,
00:00:30:350,0.189,0.125,0.967,-182.74,542.968,-379.639,
00:00:30:367,0.2,-0.021,0.853,11.901,500.366,-350.037,
00:00:30:383,0.198,-0.064,0.687,-30.152,448.425,-320.435,
00:00:30:400,0.731,-0.017,1.261,-318.177,69.213,-245.423,
00:00:30:417,0.259,0.026,1.176,-265.259,-13.245,-188.111,
00:00:30:433,0.23,-0.006,1.067,-127.625,44.555,-206.543,
00:00:30:450,0.217,-0.016,0.724,26.123,79.895,-290.589,
00:00:30:467,0.435,-0.094,0.965,-86.426,-58.777,-301.758,
00:00:30:483,0.229,0.183,0.947,-182.557,-90.271,-153.748,
00:00:30:500,0.278,0.089,1.022,-43.335,-94.849,-178.345,
00:00:30:517,0.221,0.027,1.248,-89.112,-142.579,-136.841,
00:00:30:533,0.171,0.166,1.138,3.54,-143.677,-100.342,
00:00:30:550,0.154,0.27,0.877,77.758,-143.494,-64.515,
00:00:30:567,0.069,0.181,0.807,123.535,-34.668,-26.917,
00:00:30:583,0.146,0.116,0.703,70.556,33.447,-2.381,
00:00:30:600,0.241,-0.081,0.799,-89.417,54.504,-37.842,
00:00:30:617,0.316,0.085,1.05,-218.689,28.381,-52.124,
00:00:30:633,0.282,0.175,0.969,-131.165,54.626,-69.642,
00:00:30:650,0.333,-0.009,0.909,-58.045,63.781,-81.116,
00:00:30:667,0.406,-0.055,0.871,-57.862,19.409,-73.853,
00:00:30:683,0.325,0.025,0.896,-91.797,14.465,-61.036,
00:00:30:700,0.403,0.045,1.038,-96.131,85.205,-92.408,
00:00:30:717,0.412,0.105,0.95,57.251,37.048,-80.994,
00:00:30:733,0.3,0.144,0.994,129.211,35.522,-74.28,
00:00:30:750,0.225,-0.318,0.936,78.613,56.457,-39.917,
00:00:30:767,0.329,0.027,0.924,-153.077,-3.174,9.704,
00:00:30:783,0.291,0.088,0.895,-81.116,-1.77,-3.846,
00:00:30:800,0.395,0.178,0.992,6.652,4.455,-12.879,
00:00:30:817,0.247,0.044,0.844,72.387,-21.241,-22.583,
00:00:30:833,0.208,0.211,0.965,-38.331,38.208,-27.588,
00:00:30:850,0.24,-0.108,1.178,-117.493,77.392,-23.316,
00:00:30:867,0.373,0.075,1.221,-96.558,27.099,22.644,
00:00:30:883,0.261,0.122,0.798,64.514,-28.26,57.312,
00:00:30:900,0.151,0.125,0.764,68.481,-16.48,60.485,
00:00:30:917,0.174,0.034,0.907,-44.617,-2.869,74.218,
00:00:30:933,0.333,0.064,1.101,-159.485,3.784,64.697,
00:00:30:950,0.271,0.29,1.064,-112.366,4.15,65.063,
00:00:30:967,0.229,0.223,0.942,-53.406,28.93,42.053,
00:00:30:983,0.076,0.185,0.849,4.089,11.169,48.461,
00:00:31:0,0.217,-0.033,0.873,-85.022,84.167,40.405,
00:00:31:17,0.29,-0.014,0.993,-162.598,29.052,82.702,
00:00:31:33,0.274,0.224,0.956,-152.1,30.761,71.289,
00:00:31:50,0.251,0.33,0.968,-94.666,42.358,64.514,
00:00:31:67,0.166,0.078,1.001,-52.857,77.514,56.335,
00:00:31:83,0.273,0.016,1.055,-145.997,106.628,68.176,
00:00:31:100,0.336,0.14,0.89,-132.081,64.148,85.51,
00:00:31:117,0.198,0.269,0.819,-192.688,53.1,80.383,
00:00:31:133,0.223,0.28,0.857,-189.454,97.9,66.894,
00:00:31:150,0.218,0.216,1.058,-469.971,86.486,137.207,
00:00:31:167,0.221,0.442,1.121,-369.263,56.884,145.813,
00:00:31:183,0.145,0.317,1.173,-266.846,121.704,170.41,
00:00:31:200,0.382,0.276,1.082,-242.066,152.099,156.555,
00:00:31:217,0.373,0.059,0.9,-318.848,108.215,179.687,
00:00:31:233,0.444,0.15,0.78,-405.213,76.049,153.686,
00:00:31:250,0.559,0.293,0.985,-411.805,139.648,109.192,
00:00:31:267,0.429,0.156,0.734,-138.062,125.183,122.741,
00:00:31:283,0.295,0.209,0.684,-151.673,39.245,153.259,
00:00:31:300,0.183,0.415,0.643,-82.459,123.291,174.316,
00:00:31:317,0.179,0.447,0.651,-16.053,191.589,195.617,
00:00:31:333,0.661,0.272,1.136,-15.137,139.892,213.012,
00:00:31:350,0.732,0.258,0.974,142.822,86.242,194.275,
00:00:31:367,0.827,0.066,0.902,165.893,15.686,142.578,
00:00:31:383,1.13,-0.121,1.186,104.858,-248.169,13.671,
00:00:31:400,1.03,0.212,0.885,269.043,-316.651,-9.461,
00:00:31:417,0.969,0.13,0.812,300.659,-409.18,-68.97,
00:00:31:433,0.757,0.194,0.868,292.785,-453.675,-191.712,
00:00:31:450,0.643,0.236,0.802,416.015,-404.114,-285.706,
00:00:31:467,0.549,0.158,0.655,455.505,-351.502,-362.183,
00:00:31:483,0.364,0.085,0.62,365.722,-298.706,-420.533,
00:00:31:500,0.251,0.168,0.754,14.526,-121.582,-379.517,
00:00:31:517,0.184,0.198,0.824,152.282,-67.078,-392.029,
00:00:31:533,0.065,0.134,0.868,182.617,16.113,-379.517,
00:00:31:550,-0.007,0.179,0.825,65.612,57.922,-341.065,
00:00:31:567,-0.069,0.225,0.855,6.164,122.619,-307.984,
00:00:31:583,-0.184,0.313,1.003,88.562,223.632,-213.379,
00:00:31:600,-0.209,0.332,1.002,97.412,257.08,-182.435,
00:00:31:617,-0.182,0.444,0.982,76.049,275.451,-127.625,
00:00:31:633,-0.127,0.421,0.965,70.007,308.838,-90.149,
00:00:31:650,-0.102,0.415,0.789,31.799,316.406,-69.825,
00:00:31:667,-0.239,0.593,1.255,210.571,-106.568,-70.069,
00:00:31:683,0.249,0.011,0.994,526.001,32.714,-217.286,
00:00:31:700,0.311,0.032,0.814,110.29,-189.331,-197.51,
00:00:31:717,0.305,0.296,1.023,-24.17,-255.799,-217.225,
00:00:31:733,0.213,0.043,1.081,106.628,-119.202,-324.341,
00:00:31:750,0.398,-0.19,0.954,248.108,48.034,-125.428,
00:00:31:767,0.08,-0.344,0.779,44.189,76.721,-114.136,
00:00:31:783,0.355,0.221,0.781,-67.505,99.365,-53.833,
00:00:31:800,0.288,0.132,0.791,70.007,72.265,-61.402,
00:00:31:817,0.285,-0.121,0.784,107.91,11.413,-41.26,
00:00:31:833,0.346,-0.273,0.841,-57.373,41.137,13.916,
00:00:31:850,0.475,-0.156,0.959,-129.822,-9.095,27.893,
00:00:31:867,0.411,0.057,1.038,-87.159,-70.496,29.541,
00:00:31:883,0.477,0.186,1.007,-14.71,-55.726,-5.555,
00:00:31:900,0.382,0.102,0.93,87.219,-59.632,-35.706,
00:00:31:917,0.427,-0.16,0.988,89.233,61.523,-76.6,
00:00:31:933,0.358,0.064,1.053,23.498,62.927,-56.275,
00:00:31:950,0.239,0.017,0.952,99.731,8.178,-42.786,
00:00:31:967,0.173,-0.213,0.924,38.086,27.16,-17.579,
00:00:31:983,0.28,-0.027,0.908,-145.691,11.84,18.798,
00:00:32:0,0.294,0.197,0.885,-115.479,-14.1,28.198,
00:00:32:17,0.291,-0.138,0.943,-59.632,7.995,1.709,
00:00:32:33,0.36,0.12,0.863,-108.399,-4.395,-0.855,
00:00:32:50,0.27,0.085,0.868,-68.36,-2.076,-16.541,
00:00:32:67,0.233,-0.009,0.984,-72.022,8.361,-32.288,
00:00:32:83,0.303,0.039,1.11,-139.588,40.466,-6.409,
00:00:32:100,0.232,0.096,1.048,-101.38,14.282,32.47,
00:00:32:117,0.288,-0.019,0.911,-54.505,36.743,31.677,
00:00:32:133,0.268,0.001,0.923,-131.47,15.564,36.621,
00:00:32:150,0.246,0.149,0.977,-166.443,45.349,41.626,
00:00:32:167,0.208,0.105,0.999,-142.945,55.542,39.733,
00:00:32:183,0.279,0.06,0.888,-13.794,13.427,37.597,
00:00:32:200,0.223,0.081,0.87,-113.099,0.122,61.645,
00:00:32:217,0.14,0.054,0.94,-111.329,43.518,85.937,
00:00:32:233,0.367,0.111,1.011,-164.246,84.594,79.528,
00:00:32:250,0.377,0.078,1.016,-122.254,72.753,75.073,
00:00:32:267,0.377,0.126,1.036,-128.357,60.913,59.875,
00:00:32:283,0.381,0.063,1.056,-105.957,54.626,44.982,
00:00:32:300,0.306,0.118,0.867,-116.761,18.737,45.044,
00:00:32:317,0.316,0.134,0.747,-173.462,87.097,47.607,
00:00:32:333,0.229,0.061,0.826,-196.351,67.993,63.415,rollLH
00:00:32:350,0.299,0.17,1.118,-270.203,98.755,77.88,
00:00:32:367,0.322,0.25,1.264,-164.795,100.952,121.338,
00:00:32:383,0.231,0.114,1.204,-38.269,76.721,157.409,
00:00:32:400,0.14,0.138,0.928,-4.212,88.989,191.04,
00:00:32:417,0.157,0.094,0.891,-194.519,153.991,214.355,
00:00:32:433,0.2,0.268,0.862,-377.869,222.778,242.37,
00:00:32:450,0.235,0.346,0.908,-328.431,335.632,211.181,
00:00:32:467,0.423,0.387,0.836,-311.036,356.079,193.054,
00:00:32:483,0.424,0.35,0.79,-135.987,383.056,133.178,
00:00:32:500,0.743,-0.212,0.678,144.836,311.035,-3.052,
00:00:32:517,0.816,0.078,0.617,29.48,257.019,27.71,
00:00:32:533,0.814,0.019,0.695,126.342,238.708,-36.072,
00:00:32:550,0.823,-0.089,0.873,199.951,197.692,-83.985,
00:00:32:567,0.842,-0.161,0.89,285.583,117.37,-93.75,
00:00:32:583,1.069,0.003,0.859,143.859,-229.554,-127.198,
00:00:32:600,0.82,0.177,0.803,190.796,-259.156,-106.019,
00:00:32:617,1.006,-0.21,0.87,281.982,-297.547,-222.413,
00:00:32:633,0.854,-0.072,0.76,115.173,-407.349,-204.407,
00:00:32:650,0.735,0.023,0.732,214.782,-433.838,-286.255,
00:00:32:667,0.613,0.013,0.776,307.922,-439.331,-370.545,
00:00:32:683,0.538,0.041,0.785,338.623,-430.176,-394.104,
00:00:32:700,0.404,0.078,0.798,418.396,-382.569,-415.772,
00:00:32:717,0.294,0.006,0.739,438.232,-346.009,-410.645,
00:00:32:733,-0.111,-0.049,0.645,296.63,-187.134,-335.816,
00:00:32:750,-0.092,0.034,0.794,112.793,-57.679,-266.053,
00:00:32:767,-0.138,0.226,0.891,215.942,61.767,-172.669,
00:00:32:783,-0.151,0.156,0.867,237.426,99.792,-118.226,
00:00:32:800,-0.129,0.229,0.996,192.566,137.634,-80.872,
00:00:32:817,-0.056,-0.002,1.061,19.592,139.282,-0.794,
00:00:32:833,-0.028,0.235,1.139,-70.069,91.125,39.306,
00:00:32:850,0.21,-0.347,1.545,5.188,-32.41,-49.012,
00:00:32:867,0.214,0.008,1.337,-243.592,-58.228,77.087,
00:00:32:883,-0.06,0.136,1.12,38.94,153.991,1.098,
00:00:32:900,-0.101,-0.046,0.788,294.25,335.449,-94.422,
00:00:32:917,-0.203,0.198,0.414,317.321,429.565,-147.278,
00:00:32:933,0.288,-0.291,0.808,-91.492,594.421,-124.573,
00:00:32:950,0.677,0.146,1.301,-623.108,390.442,17.517,
00:00:32:967,0.662,0.006,1.752,-425.415,334.838,-56.031,
00:00:32:983,0.69,0.018,1.722,-136.597,110.046,-82.52,
00:00:33:0,0.322,-0.037,1.124,325.256,104.187,-139.161,
00:00:33:17,0.364,-0.64,0.838,-59.815,62.316,-81.665,
00:00:33:33,0.263,-0.182,0.844,-351.319,34.668,-95.704,
00:00:33:50,0.364,-0.159,0.871,-279.053,55.114,-101.075,
00:00:33:67,0.299,0.193,0.876,-167.237,96.862,-119.202,
00:00:33:83,0.373,0.147,0.696,23.254,134.643,-122.559,
00:00:33:100,0.426,-0.121,0.552,10.192,149.047,-73.548,
00:00:33:117,0.598,-0.212,0.733,-256.714,131.347,-70.618,
00:00:33:133,0.65,-0.074,0.891,-296.753,74.829,-79.834,
00:00:33:150,0.595,0.087,1.054,-222.107,139.465,-116.028,
00:00:33:167,0.664,-0.061,1.044,-7.691,143.921,-125.061,
00:00:33:183,0.523,-0.108,0.838,96.435,104.309,-96.009,
00:00:33:200,0.426,-0.406,0.479,-85.022,98.266,-86.182,
00:00:33:217,0.49,0,0.437,-294.739,50.231,-80.506,
00:00:33:233,0.426,0.213,0.97,-259.095,108.52,-85.511,
00:00:33:250,0.581,-0.142,1.373,-34.852,129.089,-37.598,
00:00:33:267,0.504,0.013,1.302,-42.42,5.615,-11.902,
00:00:33:283,0.273,-0.233,0.517,-50.782,-56.092,28.503,
00:00:33:300,0.333,0.02,0.284,-246.827,-35.34,-38.208,
00:00:33:317,0.449,0.116,0.839,-246.582,36.987,-27.222,
00:00:33:334,0.611,0.004,1.329,-126.526,18.371,-5.738,
00:00:33:350,0.302,-0.11,1.127,-4.212,-14.344,0.305,
00:00:33:367,0.352,0.206,0.793,-51.148,-14.771,36.804,
00:00:33:384,0.502,0.16,1.115,-90.394,54.931,22.155,
00:00:33:400,0.42,0.031,1.131,-0.489,30.883,6.652,
00:00:33:417,0.332,0.064,0.811,27.099,24.047,31.005,
00:00:33:434,0.217,-0.04,0.669,-104.371,73.486,12.939,
00:00:33:450,0.428,-0.032,0.751,-163.575,66.589,32.287,
00:00:33:467,0.393,0.166,1.007,-151.856,61.035,40.832,
00:00:33:484,0.413,0.189,0.855,0.854,38.513,49.194,
00:00:33:500,0.408,-0.14,0.741,-32.837,119.445,24.963,
00:00:33:517,0.594,0.094,0.807,-171.326,72.143,14.221,
00:00:33:534,0.567,-0.003,0.853,-134.583,73.303,-10.682,
00:00:33:550,0.524,0.024,1.126,45.959,23.315,76.599,
00:00:33:567,0.265,-0.028,0.907,26.062,-37.964,131.958,
00:00:33:584,0.146,-0.073,0.79,-103.394,-29.419,156.433,
00:00:33:600,0.252,-0.008,0.874,-247.437,-61.341,166.565,
00:00:33:617,0.243,0.321,1.196,-231.69,10.376,192.321,
00:00:33:634,0.355,0.261,1.338,-189.515,62.072,257.934,
00:00:33:650,0.448,0.247,1.2,-172.486,114.746,239.441,
00:00:33:667,0.737,0.29,0.883,-208.13,98.388,236.633,
00:00:33:684,0.75,-0.009,0.547,-196.289,62.561,216.797,
00:00:33:700,0.851,0.022,0.104,-215.332,131.469,137.939,
00:00:33:717,1.164,0.032,0.473,-174.195,103.393,8.606,
00:00:33:734,1.186,0.116,0.68,-102.601,76.294,-43.335,
00:00:33:750,1.11,-0.055,0.801,-26.185,54.016,-118.897,
00:00:33:767,1.115,-0.125,0.577,-84.473,21.972,-150.94,
00:00:33:784,0.975,-0.047,0.475,-77.271,-48.157,-180.909,
00:00:33:800,0.948,-0.093,0.523,18.066,-123.963,-193.543,
00:00:33:817,0.806,0.025,0.842,141.662,-446.289,-186.463,
00:00:33:834,0.697,0.093,0.775,185.608,-428.711,-201.05,
00:00:33:850,0.586,0.128,0.641,184.57,-363.953,-235.901,
00:00:33:867,0.498,0.098,0.69,147.583,-319.153,-221.07,
00:00:33:884,0.292,0.053,0.768,117.248,-192.872,-192.444,
00:00:33:900,0.177,0.027,0.782,113.342,-123.475,-182.74,
00:00:33:917,0.036,0.074,0.791,50.354,-56.702,-160.828,
00:00:33:934,-0.095,0.237,0.847,24.78,33.264,-128.663,
00:00:33:950,-0.152,0.411,0.887,34.606,101.623,-80.201,
00:00:33:967,-0.18,0.353,0.97,120.971,164.306,-58.96,
00:00:33:984,-0.195,0.217,1.033,86.547,232.91,11.596,
00:00:34:0,-0.19,0.211,0.998,-188.294,265.686,107.299,
00:00:34:17,0.08,0.08,1.557,-223.633,-8.118,83.129,
00:00:34:34,0.3,0.355,1.538,-428.65,-132.447,204.406,
00:00:34:50,-0.213,0.482,1.197,302.551,171.753,32.898,
00:00:34:67,0.286,-0.015,0.772,386.413,185.547,16.906,
00:00:34:84,0.204,0.205,1.018,164.672,142.089,-58.411,
00:00:34:100,0.6,0.034,1.312,9.338,72.692,-99.793,
00:00:34:117,0.603,0.041,1.627,-174.317,-1.099,-143.189,
00:00:34:134,0.415,0.191,1.491,-159.546,0.854,-174.744,
00:00:34:150,0.141,0.444,0.668,29.174,88.256,-78.553,
00:00:34:167,0.006,0.484,-0.208,275.39,341.247,-132.752,
00:00:34:184,0.513,-0.107,0.52,44.555,300.659,-175.904,
00:00:34:200,0.589,-0.064,1.218,-89.783,163.635,-213.318,
00:00:34:217,0.646,-0.135,1.383,-120.057,90.942,-164.368,
00:00:34:234,0.576,0.05,1.063,-128.113,15.197,-92.102,
00:00:34:250,0.396,0.085,0.608,59.326,4.638,-56.031,
00:00:34:267,0.485,0.057,0.559,50.17,17.456,-65.247,
00:00:34:284,0.493,-0.049,0.637,60.241,0.671,-64.82,
00:00:34:300,0.533,-0.026,0.906,-9.705,17.517,-70.13,
00:00:34:317,0.56,-0.052,1.084,61.767,94.116,-56.702,
00:00:34:334,0.577,0.117,1.033,79.467,66.65,-53.528,
00:00:34:350,0.378,0.084,0.751,180.175,81.054,-26.49,
00:00:34:367,0.408,0.154,0.586,85.693,84.961,-44.739,
00:00:34:384,0.389,0.043,0.773,-42.42,82.214,-39.368,
00:00:34:400,0.525,0.083,1.043,-107.239,100.036,-49.317,
00:00:34:417,0.545,-0.107,1.097,-33.814,97.229,-57.435,
00:00:34:434,0.476,0.085,0.962,-9.583,63.354,-21.302,
00:00:34:450,0.411,0.003,0.74,2.868,72.57,-12.207,
00:00:34:467,0.499,0.063,0.724,-52.735,43.212,18.737,
00:00:34:484,0.513,-0.069,0.829,-65.552,-12.574,17.089,
00:00:34:500,0.538,0.056,0.906,-58.411,-25.452,-12.452,
00:00:34:517,0.496,0.104,0.857,-34.18,-3.846,-27.771,
00:00:34:534,0.573,0.066,0.937,-42.603,-15.32,-20.508,
00:00:34:550,0.53,-0.007,0.922,-53.711,-56.031,-11.719,
00:00:34:567,0.459,0.048,0.834,-88.562,-39.307,9.46,
00:00:34:584,0.418,0.128,0.873,-99.732,2.014,14.831,
00:00:34:600,0.487,0.174,1.066,-80.14,37.902,36.621,
00:00:34:617,0.443,0.021,1.055,-63.05,18.615,52.307,
00:00:34:634,0.362,0.09,0.947,-114.502,18.371,37.536,
00:00:34:650,0.225,0.095,0.784,-203.553,41.503,43.701,
00:00:34:667,0.248,0.106,0.828,-305.359,112.365,76.171,
00:00:34:684,0.462,-0.021,1.018,-400.696,168.945,101.867,
00:00:34:700,0.549,0.052,1.386,-557.129,94.665,128.479,
00:00:34:717,0.617,0.465,1.067,-392.395,263,218.078,
00:00:34:734,0.91,0.005,1.142,-403.26,227.783,216.674,
00:00:34:750,0.949,0.267,0.779,-242.31,78.491,216.735,
00:00:34:767,0.785,-0.116,0.369,-94.483,109.13,167.846,
00:00:34:784,0.903,-0.009,0.327,-129.334,30.334,58.715,
00:00:34:800,1.051,0.103,0.437,-44.922,-88.929,-17.579,
00:00:34:817,1.151,0.203,0.594,17.334,-312.073,-64.27,
00:00:34:834,1.045,0.031,0.671,191.284,-437.012,-129.029,
00:00:34:850,0.978,-0.12,0.684,270.874,-525.879,-176.88,
00:00:34:867,0.911,-0.1,0.652,300.354,-583.558,-210.755,
00:00:34:884,0.828,-0.064,0.626,337.524,-605.591,-229.737,
00:00:34:900,0.751,-0.043,0.612,301.635,-576.966,-235.596,
00:00:34:917,0.629,0.007,0.632,230.835,-499.634,-248.352,
00:00:34:934,0.609,0.003,0.656,230.529,-382.752,-256.958,
00:00:34:950,0.547,-0.004,0.578,235.962,-247.437,-234.62,
00:00:34:967,0.499,0.023,0.436,211.181,-193.543,-235.169,
00:00:34:984,0.388,0.052,0.403,171.386,-153.077,-277.588,
00:00:35:0,0.259,0.144,0.495,76.782,-115.723,-302.796,
00:00:35:17,0.195,0.141,0.678,-1.526,-45.777,-255.86,
00:00:35:34,0.152,0.125,0.874,-36.622,33.813,-177.185,
00:00:35:50,0.101,0.162,0.971,-19.776,85.754,-111.756,
00:00:35:67,0.057,0.201,0.935,131.897,115.051,-67.994,
00:00:35:84,-0.021,0.149,0.98,251.464,150.573,-44.312,
00:00:35:100,0.003,0.23,0.964,171.386,156.555,2.807,
00:00:35:117,0.029,0.357,1.094,99.792,146.118,43.518,
00:00:35:134,0.062,0.36,1.154,141.967,151.733,89.416,
00:00:35:150,0.058,0.284,1.213,169.555,167.114,116.516,
00:00:35:167,0.087,0.286,1.211,235.107,153.381,134.277,
00:00:35:184,0.105,0.229,1.137,280.883,141.845,149.292,
00:00:35:200,0.129,0.126,1.072,192.505,107.177,174.133,
00:00:35:217,0.155,0.192,1.116,91.674,63.964,192.382,
00:00:35:234,0.148,0.2,1.125,114.074,53.527,179.199,
00:00:35:250,0.162,0.125,1.015,67.871,79.528,180.297,
00:00:35:267,0.27,-0.064,1.309,88.378,-63.965,59.204,
00:00:35:284,0.298,-0.039,1.338,-0.733,-133.606,114.318,
00:00:35:300,0.025,-0.076,1.227,-2.198,-73.792,62.255,
00:00:35:317,0.135,0.036,1.107,87.036,6.042,43.762,
00:00:35:334,0.135,0.026,0.998,424.377,54.748,-48.035,
00:00:35:350,0.159,-0.161,0.774,421.142,82.58,-65.918,
00:00:35:367,0.145,-0.122,0.679,72.876,95.947,5.31,
00:00:35:384,0.212,-0.169,0.59,-172.974,227.6,48.461,
00:00:35:400,0.55,-0.257,1.306,-350.342,153.93,-59.388,
00:00:35:417,0.574,0.463,1.158,-261.231,78.979,-13.977,
00:00:35:434,0.568,0.121,1.041,175.048,-1.282,-51.27,
00:00:35:450,0.408,-0.008,0.848,147.461,-12.146,-24.353,
00:00:35:467,0.405,-0.285,0.841,-29.419,22.033,-1.282,
00:00:35:484,0.439,-0.161,0.901,-167.542,11.108,-12.452,
00:00:35:500,0.409,0.08,0.941,-158.753,-3.724,-11.17,
00:00:35:517,0.481,0.035,0.968,-63.477,17.456,-9.4,
00:00:35:534,0.464,-0.077,0.939,-31.739,37.17,-27.344,
00:00:35:550,0.56,-0.135,0.84,-79.895,63.903,-21.119,
00:00:35:567,0.508,-0.016,0.827,-153.443,55.236,-33.997,
00:00:35:584,0.549,0.034,0.829,-148.682,58.96,-26.307,
00:00:35:600,0.643,-0.028,0.974,-182.862,59.753,-52.613,
00:00:35:617,0.673,0.123,0.833,-92.835,140.93,-70.435,
00:00:35:634,0.637,-0.15,0.793,-60.425,135.62,-50.782,
00:00:35:650,0.611,-0.213,0.672,-48.035,126.342,-65.796,
00:00:35:667,0.606,-0.068,0.6,-154.48,76.66,-62.928,
00:00:35:684,0.542,0.043,0.677,-133.606,71.96,-64.759,
00:00:35:700,0.485,0.066,0.875,-99.793,79.162,-49.195,
00:00:35:717,0.456,-0.078,1.049,-55.42,50.415,-13.794,
00:00:35:734,0.352,0.017,1.061,-56.702,26.428,18.798,
00:00:35:750,0.362,0.032,1.119,-65.796,17.211,68.908,
00:00:35:767,0.272,-0.036,1.15,-112.61,21.728,122.314,
00:00:35:784,0.336,-0.035,1.101,-107.178,34.301,129.943,
00:00:35:800,0.333,0.095,0.932,-162.598,41.32,146.85,
00:00:35:817,0.339,0.137,0.828,-194.886,99.06,155.151,
00:00:35:834,0.369,0.149,0.771,-230.286,117.004,156.25,
00:00:35:850,0.458,0.085,0.75,-140.32,112.426,135.681,
00:00:35:867,0.614,-0.025,0.714,-121.644,94.604,128.723,
00:00:35:884,0.756,-0.064,0.791,-137.635,130.798,100.586,
00:00:35:900,0.929,0.075,0.8,-131.47,103.332,111.389,
00:00:35:917,0.976,0.072,0.798,-21.851,13.794,89.111,
00:00:35:934,1.197,-0.123,0.902,106.994,-125.611,28.747,
00:00:35:950,1.081,-0.087,0.919,85.937,-328.919,-37.11,
00:00:35:967,0.96,-0.02,0.826,79.284,-412.11,-82.886,
00:00:35:984,0.852,-0.062,0.85,28.137,-460.45,-124.024,
00:00:36:0,0.765,-0.125,0.831,25.817,-446.412,-154.114,
00:00:36:17,0.734,-0.093,0.765,29.663,-454.224,-179.932,
00:00:36:34,0.659,-0.131,0.739,59.204,-405.945,-205.567,
00:00:36:50,0.667,-0.157,0.73,66.65,-361.023,-218.567,
00:00:36:67,0.601,-0.128,0.696,43.762,-329.407,-252.503,
00:00:36:84,0.52,-0.074,0.658,52.734,-257.264,-283.081,
00:00:36:100,0.463,-0.025,0.598,70.495,-179.017,-314.087,
00:00:36:117,0.356,-0.012,0.474,-10.743,-116.944,-321.717,
00:00:36:134,0.294,-0.04,0.51,-160.523,-63.477,-293.274,
00:00:36:150,0.254,0.005,0.627,-230.042,-46.448,-280.091,
00:00:36:167,0.211,0.009,0.779,-109.681,-11.963,-270.325,
00:00:36:184,0.171,-0.033,0.896,-29.664,7.934,-209.168,
00:00:36:200,0.125,-0.003,0.885,-17.334,43.457,-135.193,
00:00:36:217,0.076,0.105,0.853,-52.674,58.471,-72.876,
00:00:36:234,0.093,0.145,0.843,-75.013,66.345,-2.381,
00:00:36:250,0.065,0.29,0.856,-83.68,8.972,35.766,
00:00:36:267,0.057,0.383,0.94,17.578,-10.315,76.232,
00:00:36:284,0.077,0.363,0.998,159.484,-12.207,112.548,
00:00:36:300,0.024,0.158,1.006,155.944,-64.209,202.575,
00:00:36:317,0.026,0.201,1.09,138.733,-83.497,229.98,
00:00:36:334,0.033,0.212,1.163,148.925,-78.003,235.778,rollLH
00:00:36:350,-0.047,0.299,1.163,199.463,-72.998,224.609,
00:00:36:367,-0.149,0.333,1.095,252.014,-15.137,210.937,
00:00:36:384,-0.128,0.325,0.999,283.081,33.691,241.699,
00:00:36:400,0.214,-0.043,1.327,165.344,-173.645,186.279,
00:00:36:417,0.125,-0.269,1.402,-298.218,-457.947,182.312,
00:00:36:434,-0.261,0.453,1.375,-294.495,-362.977,272.033,
00:00:36:450,0.072,0.238,1.336,232.238,-266.053,70.739,
00:00:36:467,-0.086,0.467,1.179,447.204,-215.332,143.982,
00:00:36:484,0.257,0.256,1.121,639.099,-314.331,35.095,
00:00:36:500,-0.087,0.434,0.969,563.354,-329.163,156.067,
00:00:36:517,0.364,0.131,0.938,-24.353,-71.412,-13.733,
00:00:36:534,0.239,0.033,0.969,73.059,-110.657,-8.667,
00:00:36:550,0.204,-0.257,1.156,-3.418,-15.992,-47.486,
00:00:36:567,0.175,-0.091,1.187,0.061,-31.556,-43.519,
00:00:36:584,0.116,0.058,1.042,117.553,10.253,-7.264,
00:00:36:600,0.184,0.023,0.722,210.693,0.488,41.565,
00:00:36:617,0.033,-0.054,0.606,242.248,103.759,81.787,
00:00:36:634,0.259,-0.312,0.739,180.297,124.45,53.222,
00:00:36:650,0.192,-0.265,1.149,-205.018,140.503,49.682,
00:00:36:667,0.436,-0.048,1.235,-291.871,107.36,67.504,
00:00:36:684,0.427,0.036,1.011,-65.552,104.065,84.289,
00:00:36:700,0.417,-0.159,1.054,-21.18,176.025,47.729,
00:00:36:717,0.515,-0.081,1.111,-21.302,171.692,6.225,
00:00:36:734,0.457,-0.205,1.049,90.393,165.222,11.413,
00:00:36:750,0.413,-0.213,0.915,85.754,158.386,8.361,
00:00:36:767,0.469,-0.146,0.882,-6.897,187.927,10.192,
00:00:36:784,0.399,-0.104,0.859,35.766,198.73,2.38,
00:00:36:800,0.294,-0.182,0.786,-120.057,180.786,39.489,
00:00:36:817,0.333,-0.076,0.943,-206.482,172.973,54.931,
00:00:36:834,0.298,0.016,1.085,-195.313,166.442,74.951,
00:00:36:850,0.366,-0.036,1.024,-66.163,139.953,88.745,
00:00:36:867,0.451,-0.09,0.846,99.243,114.135,90.82,
00:00:36:884,0.532,-0.301,0.644,119.995,105.59,50.231,
00:00:36:900,0.641,-0.404,0.56,-55.359,40.527,10.437,
00:00:36:917,0.581,-0.245,0.539,-304.688,-17.029,-48.401,
00:00:36:934,0.494,0.085,0.908,-431.763,5.676,-46.387,
00:00:36:950,0.644,-0.14,1.348,-136.414,83.129,-77.576,
00:00:36:967,0.772,-0.146,1.12,120.666,-61.829,-51.453,
00:00:36:984,0.46,-0.208,0.698,-60.059,-90.149,-95.093,
00:00:37:0,0.466,-0.219,1.139,-135.315,-94.727,-113.221,
00:00:37:17,0.359,0.023,1.243,-0.733,-167.054,-130.921,
00:00:37:34,0.11,0.269,1.124,211.67,-177.308,-93.934,
00:00:37:50,0.02,-0.004,1.049,302.429,-90.943,-72.815,
00:00:37:67,0.235,0.265,1.019,-343.995,-48.462,-42.481,
00:00:37:84,0.384,0.256,1.198,-244.141,25.451,-88.379,
00:00:37:100,0.276,-0.104,1.087,-23.743,29.296,-92.774,
00:00:37:117,0.281,-0.091,0.888,38.818,-26.246,-83.558,
00:00:37:134,0.09,-0.257,0.721,-45.96,-11.109,-73.487,
00:00:37:150,0.224,0.111,0.942,-269.349,23.071,-42.054,
00:00:37:167,0.228,0.07,1.199,-153.687,5.798,-13.184,
00:00:37:184,0.075,-0.099,1.141,-34.485,-18.494,-3.418,
00:00:37:200,0.133,0.083,0.902,-4.944,-56.397,1.159,
00:00:37:217,0.195,-0.05,0.871,-13.916,-16.358,12.268,
00:00:37:234,0.332,-0.158,0.861,-50.66,-53.956,11.779,
00:00:37:250,0.37,0.04,0.854,-111.878,-81.849,-9.766,
00:00:37:267,0.327,0.08,0.976,-71.656,-50.721,-50.293,
00:00:37:284,0.356,-0.035,1.008,28.991,-64.82,-66.346,
00:00:37:300,0.336,-0.08,0.892,125.61,-70.191,-70.74,
00:00:37:317,0.358,-0.224,0.834,86.364,-49.744,-65.369,
00:00:37:334,0.39,-0.272,0.87,2.258,-33.081,-74.646,
00:00:37:350,0.439,0.05,0.901,-49.988,-51.758,-92.53,
00:00:37:367,0.356,0.047,0.88,89.416,-11.597,-117.188,
00:00:37:384,0.333,-0.281,0.976,111.084,1.77,-126.648,
00:00:37:400,0.326,-0.129,1.081,15.197,-35.035,-99.915,
00:00:37:417,0.274,-0.094,1.109,30.822,-45.227,-90.21,
00:00:37:434,0.159,0.03,1.045,34.423,-85.022,-66.834,
00:00:37:450,0.003,0.082,1.06,28.442,-63.477,-46.814,
00:00:37:467,0.071,-0.003,1.085,-56.397,-61.768,26.367,
00:00:37:484,0.166,0.081,1.056,-19.959,-39.734,16.235,
00:00:37:500,0.207,-0.056,1.006,33.386,-20.63,-7.142,
00:00:37:517,0.352,-0.069,1.008,-15.503,5.432,-24.048,
00:00:37:534,0.441,-0.07,0.922,27.404,-12.085,-63.904,
00:00:37:550,0.286,-0.057,0.927,8.789,2.624,-85.389,
00:00:37:567,0.361,-0.139,1.042,105.041,70.739,-118.348,
00:00:37:584,0.283,-0.28,1.113,172.851,22.583,-95.398,
00:00:37:600,0.181,-0.272,1.082,32.531,104.675,-40.101,
00:00:37:617,0.133,-0.044,1.058,-69.153,220.52,37.048,
00:00:37:634,0.183,0.26,0.918,-159.241,241.455,89.721,
00:00:37:650,0.141,0.23,0.968,-0.794,180.114,-28.992,
00:00:37:667,0.235,0.123,0.88,136.779,64.392,-82.52,
00:00:37:684,0.211,-0.06,1.009,128.967,-101.929,-95.093,
00:00:37:700,0.034,-0.083,1.097,-102.173,-193.787,6.652,
00:00:37:717,0.226,0.018,1.42,203.125,-317.81,-105.53,
00:00:37:734,0.037,0.298,1.312,-116.272,-477.417,187.561,
00:00:37:750,-0.206,-0.07,1.081,116.15,-355.103,203.491,
00:00:37:767,-0.229,-0.08,0.858,41.809,-321.534,244.201,
00:00:37:784,-0.208,-0.019,0.763,35.766,-321.045,263.305,
00:00:37:800,-0.207,-0.127,0.752,-100.342,-297.364,291.076,
00:00:37:817,-0.135,0.002,0.701,-183.533,-261.78,311.889,
00:00:37:834,-0.076,-0.098,0.806,-172.364,-215.455,336.731,
00:00:37:850,0.059,-0.16,0.807,-238.343,-135.926,400.879,
00:00:37:867,0.157,-0.129,0.833,-174.927,-73.731,410.827,
00:00:37:884,0.265,-0.089,0.734,-129.151,-37.598,385.742,
00:00:37:900,0.272,-0.032,0.748,-6.287,-39.246,343.872,
00:00:37:917,0.228,-0.085,0.832,49.438,0.427,330.444,
00:00:37:934,0.197,-0.094,0.881,58.715,78.491,322.815,
00:00:37:950,0.181,-0.033,0.897,138.61,135.009,328.613,
00:00:37:967,0.144,0.055,0.781,219.36,172.363,330.993,
00:00:37:984,0.229,-0.02,0.741,108.825,162.231,362.548,
00:00:38:0,0.26,0.085,0.884,-40.345,127.746,422.18,
00:00:38:17,0.332,0.135,1.106,55.542,174.133,417.602,
00:00:38:34,0.465,0.047,1.217,273.498,270.813,374.328,
00:00:38:50,0.541,0.015,1.165,609.68,335.205,302.185,
00:00:38:67,0.586,-0.229,0.927,865.173,355.224,124.145,
00:00:38:84,0.565,-0.549,0.741,647.216,321.716,18.92,
00:00:38:100,0.578,-0.542,0.706,168.457,179.199,-71.106,
00:00:38:117,0.293,-1.102,1.317,-485.535,-143.25,-89.844,
00:00:38:134,-0.061,0.152,1.47,-259.217,-125.794,-29.664,
00:00:38:150,0.072,-0.05,1.088,261.352,0.671,-113.099,
00:00:38:167,0.093,0.058,0.822,410.156,-91.309,-54.322,
00:00:38:184,0.071,0.057,0.438,592.956,-265.564,42.602,
00:00:38:200,-0.043,-0.425,0.438,395.935,-212.586,86.792,
00:00:38:217,0.343,-0.755,0.773,-250.245,-173.645,-17.823,
00:00:38:234,0.37,-0.286,1.263,-709.107,-298.523,-9.156,
00:00:38:250,0.301,0.129,1.397,-253.968,-291.565,-37.11,
00:00:38:267,0.325,0.076,1.127,333.068,-294.739,-60.669,
00:00:38:284,0.183,-0.17,0.916,434.57,-297.242,-55.298,
00:00:38:300,0.102,-0.438,0.957,194.336,-141.846,-77.454,
00:00:38:317,0.187,-0.35,1.01,16.723,-113.16,-85.511,
00:00:38:334,0.147,-0.159,0.89,138.61,-131.897,-80.689,
00:00:38:350,0.117,-0.196,0.832,145.507,-69.153,-99.06,
00:00:38:367,0.107,-0.223,0.909,-4.456,-36.744,-117.92,
00:00:38:384,0.108,-0.187,1.011,-9.278,-20.752,-121.827,
00:00:38:400,0.071,-0.212,1.049,42.236,-2.259,-107.056,
00:00:38:417,0.07,-0.25,1.043,63.415,24.597,-103.089,
00:00:38:434,0.092,-0.228,1.004,59.57,31.982,-98.694,
00:00:38:450,0.139,-0.196,0.916,186.523,12.939,-101.563,
00:00:38:467,0.061,-0.214,0.914,128.357,-0.428,-105.652,
00:00:38:484,0.111,-0.291,1.001,102.172,5.188,-119.935,
00:00:38:500,0.085,-0.363,1.214,-72.205,-19.776,-145.569,
00:00:38:517,-0.001,-0.15,1.146,58.898,-35.767,-101.929,
00:00:38:534,-0.008,-0.257,1.028,30.273,-37.537,-71.778,
00:00:38:550,-0.017,-0.245,0.997,22.399,-23.926,-69.275,
00:00:38:567,0.058,-0.351,1.045,-120.728,-0.428,-89.661,
00:00:38:584,0.084,-0.147,1.018,-136.475,-14.466,-120.606,
00:00:38:600,0.048,-0.089,1.005,-157.532,-17.64,-124.207,
00:00:38:617,0.003,-0.074,0.925,-131.531,-16.663,-111.206,
00:00:38:634,0.006,-0.284,1.016,-116.883,28.015,-98.389,
00:00:38:650,-0.049,-0.18,1.035,-163.758,7.202,-79.041,
00:00:38:667,-0.033,-0.157,1.103,-137.513,27.038,-89.783,
00:00:38:684,-0.089,-0.011,0.998,-95.704,-6.897,-49.378,
00:00:38:700,-0.068,-0.121,0.911,-5.433,14.099,-18.799,
00:00:38:717,-0.095,-0.14,0.999,-52.002,24.414,10.315,
00:00:38:734,-0.016,-0.101,1.001,-137.879,25.146,2.807,
00:00:38:750,-0.013,-0.127,1.01,-227.234,24.658,-12.513,
00:00:38:767,0.077,-0.143,1.022,-152.161,30.212,-23.499,
00:00:38:784,0.164,-0.211,0.944,-49.683,25.329,-12.207,
00:00:38:800,0.151,-0.227,0.949,6.591,38.391,-16.236,
00:00:38:817,0.153,-0.325,0.968,-71.106,34.423,-32.593,
00:00:38:834,0.107,-0.208,0.963,-134.949,18.493,-58.167,
00:00:38:850,0.092,-0.135,1.018,-152.527,22.705,-65.125,
00:00:38:867,0.036,-0.105,1.075,-103.821,31.799,-40.406,
00:00:38:884,0.041,-0.193,0.99,-4.7,21.423,-19.898,
00:00:38:900,0.025,-0.136,0.962,-25.696,26.672,-16.114,
00:00:38:917,0.005,-0.194,0.964,-90.394,26.062,-21.973,
00:00:38:934,0.052,-0.092,1.026,-102.662,8.239,-32.532,
00:00:38:950,0.02,-0.194,1.022,-103.089,-5.494,-23.194,
00:00:38:967,0.035,-0.17,1.036,-154.969,-2.686,-21.058,
00:00:38:984,0.068,-0.136,1.049,-149.048,1.098,-14.954,
00:00:39:0,0.154,-0.157,1.04,-81.177,26.794,-9.095,
00:00:39:17,0.192,-0.213,0.945,-63.904,23.01,-14.039,
00:00:39:34,0.124,-0.138,0.857,-33.753,-3.113,-33.509,
00:00:39:50,0.088,-0.158,0.977,-166.748,8.422,-63.05,
00:00:39:67,0.064,-0.124,1.035,-98.45,9.277,-47.547,
00:00:39:84,0.084,-0.139,0.968,-54.078,-4.639,-37.659,
00:00:39:100,0.041,-0.141,0.819,-48.157,-28.992,-26.49,
00:00:39:117,0.006,-0.161,0.899,-171.021,-18.067,-34.18,
00:00:39:134,0.013,-0.062,1.036,-266.419,-2.015,-33.326,
00:00:39:150,0.05,-0.029,1.133,-193.421,12.146,-34.302,
00:00:39:167,0.085,-0.103,1.037,-165.039,12.573,-15.442,
00:00:39:184,0.095,-0.096,0.909,-140.076,10.192,-26.185,
00:00:39:200,0.087,-0.124,0.943,-187.012,-3.846,-45.716,
00:00:39:217,0.103,-0.071,1.04,-202.393,-7.203,-62.684,
00:00:39:234,0.122,-0.045,1.103,-161.499,-2.747,-83.008,
00:00:39:250,0.106,0.041,1,-82.154,-20.874,-91.98,
00:00:39:267,0.035,-0.023,1.021,-42.42,-3.907,-103.699,
00:00:39:284,0.009,-0.046,1.025,-15.381,4.028,-98.084,
00:00:39:300,0.035,-0.1,1.033,-60.975,18.859,-92.164,
00:00:39:317,0.067,-0.071,0.996,-52.002,17.028,-82.215,
00:00:39:334,0.083,-0.045,0.978,-7.264,8.544,-87.464,
00:00:39:350,0.075,-0.079,0.949,-28.687,16.784,-77.088,
00:00:39:367,0.025,-0.027,0.966,-61.829,19.653,-84.29,
00:00:39:384,0.057,-0.014,0.992,-57.129,18.249,-92.286,
00:00:39:400,0.082,-0.054,1.011,-53.406,16.479,-104.981,
00:00:39:417,0.112,-0.09,1.036,-47.974,13.671,-107.666,
00:00:39:434,0.11,-0.126,1.005,-66.285,9.643,-110.84,
00:00:39:450,0.096,-0.101,0.962,-99.793,5.432,-107.666,
00:00:39:467,0.07,-0.117,1.041,-161.499,27.16,-101.868,
00:00:39:484,0.073,-0.06,1.08,-191.468,58.227,-87.891,
00:00:39:500,0.095,-0.054,1.193,-143.921,90.576,-95.276,
00:00:39:517,0.116,-0.065,1.149,-137.635,77.758,-94.422,
00:00:39:534,0.082,0.027,1.019,-91.37,64.636,-118.409,
00:00:39:550,0.076,-0.036,0.914,-32.837,99.365,-135.498,
00:00:39:567,0.096,0.093,0.918,-18.738,105.774,-176.209,
00:00:39:584,0.112,0.065,1.015,-8.545,104.431,-199.097,
00:00:39:600,0.101,0.023,1.151,20.446,83.068,-208.069,
00:00:39:617,0.079,0.098,1.205,125.061,68.176,-214.966,
00:00:39:634,-0.029,0.124,1.24,130.554,36.132,-232.483,
00:00:39:650,-0.133,0.372,1.151,131.164,16.906,-209.839,
00:00:39:667,-0.189,0.328,1.315,-67.078,-97.657,-152.71,
00:00:39:684,-0.327,0.413,1.301,-114.38,-159.485,-76.233,
00:00:39:700,-0.315,0.29,1.288,-117.554,-234.009,-23.987,
00:00:39:717,-0.275,0.327,1.242,-165.772,-281.128,31.494,
00:00:39:734,-0.307,0.473,1.1,-180.359,-298.523,91.552,
00:00:39:750,-0.324,0.322,1.11,-84.839,-238.343,103.637,
00:00:39:767,-0.264,-0.016,0.905,-219.605,-139.954,115.844,
00:00:39:784,-0.201,0.308,0.736,-159.18,38.94,58.105,
00:00:39:800,-0.219,-0.037,0.685,-139.527,164.306,12.939,
00:00:39:817,-0.177,0.062,0.664,-227.539,233.276,15.747,
00:00:39:834,-0.143,0.061,0.674,-152.588,300.354,43.64,
00:00:39:850,-0.162,0.007,0.743,-140.137,347.412,64.27,
00:00:39:867,-0.071,-0.157,0.916,-136.841,438.171,76.477,
00:00:39:884,0.049,-0.303,0.998,-290.284,461.303,119.751,
00:00:39:900,0.169,-0.093,1.026,-252.808,453.369,143.859,
00:00:39:917,0.294,-0.144,1.011,-144.043,436.157,125.793,
00:00:39:934,0.354,-0.037,0.984,-75.989,384.46,120.544,
00:00:39:950,0.425,-0.085,0.974,84.838,371.704,80.932,
00:00:39:967,0.419,-0.179,0.972,48.523,352.539,51.025,
00:00:39:984,0.46,-0.249,0.926,-109.559,339.294,44.433,
00:00:40:0,0.519,-0.123,0.939,-199.524,294.922,57.373,
00:00:40:17,0.545,0.005,0.937,-168.824,303.955,27.526,
00:00:40:34,0.578,0.082,0.91,-47.669,330.322,-28.26,
00:00:40:50,0.608,0.03,0.905,149.78,352.295,-55.787,
00:00:40:67,0.604,-0.245,0.832,183.044,357.91,-66.651,
00:00:40:84,0.597,-0.202,0.786,-13.794,289.611,-69.153,
00:00:40:100,0.532,-0.069,0.736,-89.844,261.718,-88.074,
00:00:40:117,0.749,-0.084,1.209,-156.739,60.058,-189.331,
00:00:40:134,0.678,0.267,1.246,-201.416,-103.394,-104.371,
00:00:40:150,0.367,-0.064,1.026,186.096,63.903,-161.499,
00:00:40:167,0.494,-0.148,0.867,346.13,47.607,-161.316,
00:00:40:184,0.477,-0.369,0.603,109.13,-51.575,-170.166,
00:00:40:200,0.489,-0.037,0.503,-38.697,-185.059,-164.978,
00:00:40:217,0.467,-0.016,0.629,-54.688,-157.837,-300.782,
00:00:40:234,0.508,0.105,0.879,-102.173,-214.722,-331.055,
00:00:40:250,0.463,-0.028,1.203,-40.039,-221.802,-306.58,
00:00:40:267,0.463,-0.105,1.248,81.665,-240.54,-290.528,
00:00:40:284,0.428,-0.119,1.098,156.311,-245.911,-239.38,
00:00:40:300,0.369,-0.078,0.898,164.001,-226.197,-237.061,
00:00:40:317,0.39,-0.001,0.795,119.384,-173.401,-236.329,
00:00:40:334,0.359,0.054,0.774,189.087,-168.213,-258.24,
00:00:40:350,0.258,-0.097,0.912,170.41,-161.011,-278.626,
00:00:40:367,0.228,-0.041,1.19,89.782,-177.735,-267.701,rollLH
00:00:40:384,0.158,-0.106,1.278,51.086,-132.447,-213.44,
00:00:40:400,0.16,-0.023,1.205,76.721,-117.92,-193.299,
00:00:40:417,0.171,0.009,1.048,132.08,-111.145,-183.716,
00:00:40:434,0.038,0.076,0.961,130.31,-89.539,-169.312,
00:00:40:450,0.067,0.032,0.93,-34.302,-54.261,-185.242,
00:00:40:467,-0.028,0.124,1.131,-103.943,-48.645,-171.509,
00:00:40:484,0.049,0.057,1.249,-31.373,-23.438,-161.133,
00:00:40:500,0.004,0.071,1.142,89.721,-22.889,-92.957,
00:00:40:517,0.032,-0.014,0.979,126.464,63.232,-100.464,
00:00:40:534,0.091,-0.087,0.749,43.273,102.172,-95.887,
00:00:40:550,0.178,0.077,0.585,-104.31,85.083,-131.409,
00:00:40:567,0.121,0.023,0.781,-146.119,72.082,-158.326,
00:00:40:584,0.106,-0.011,1.057,-262.207,91.43,-172.12,
00:00:40:600,0.114,0.095,1.232,-273.316,122.07,-176.27,
00:00:40:617,0.094,0.061,1.217,-193.482,125.549,-158.875,
00:00:40:634,0.056,0.072,1.079,-44.617,65.429,-120.911,
00:00:40:650,-0.011,0.06,0.994,-27.894,-30.762,-112.732,
00:00:40:667,-0.126,0.183,0.993,-60.364,-93.689,-100.892,
00:00:40:684,-0.223,0.174,1.047,-159.119,-64.454,-69.031,
00:00:40:700,0.088,0.073,0.998,67.749,23.986,20.629,
00:00:40:717,0.053,0.069,1.01,37.841,-6.653,0.793,
00:00:40:734,0.09,0.078,0.985,-19.532,-60.181,2.136,
00:00:40:750,-0.077,0.081,1.071,-86.182,-35.157,5.981,
00:00:40:767,-0.055,0.173,1.063,-80.14,39.55,-2.747,
00:00:40:784,-0.076,0.116,0.969,-59.021,0.122,60.424,
00:00:40:800,0.03,0.071,0.895,-65.491,-33.936,83.557,
00:00:40:817,-0.065,-0.03,1.021,-107.85,-51.392,110.412,
00:00:40:834,0.072,0.187,0.882,5.127,109.863,109.13,
00:00:40:850,0.31,-0.095,0.929,-34.424,116.882,63.537,
00:00:40:867,0.292,-0.059,1.138,-139.71,73.364,44.189,
00:00:40:884,0.286,-0.003,1.142,-81.421,105.102,20.202,
00:00:40:900,0.333,-0.024,1.033,22.888,126.709,-5.372,
00:00:40:917,0.124,0.049,0.92,-24.964,116.027,33.081,
00:00:40:934,0.302,-0.032,0.898,-61.585,143.859,12.756,
00:00:40:950,0.146,0.025,1.002,-65.369,173.95,56.518,
00:00:40:967,0.193,-0.002,1.054,-83.13,145.691,89.843,
00:00:40:984,0.035,0.09,1.029,-76.294,127.38,146.606,
00:00:41:0,0.081,0.052,0.971,-23.987,186.157,172.119,
00:00:41:17,0.112,0.004,0.962,-104.676,214.416,196.106,
00:00:41:34,0.187,0.066,0.969,-120.667,295.776,199.646,
00:00:41:50,0.328,0.077,0.905,-137.818,344.665,182.373,
00:00:41:67,0.455,0.044,0.942,-243.836,250,205.017,
00:00:41:84,0.611,0.009,0.885,-43.274,279.235,179.077,
00:00:41:100,0.745,-0.142,0.811,-36.744,263.916,130.249,
00:00:41:117,0.963,-0.189,0.792,-195.801,199.035,49.56,
00:00:41:134,0.946,-0.052,0.851,-90.577,-179.688,-91.37,
00:00:41:150,0.921,-0.111,0.752,-57.801,-193.299,-152.955,
00:00:41:167,0.918,0.001,0.876,-72.083,-288.697,-186.646,
00:00:41:184,0.822,-0.047,0.855,-77.759,-309.449,-226.197,
00:00:41:200,0.754,-0.032,0.877,-75.318,-330.201,-289.49,
00:00:41:217,0.655,-0.054,0.923,-32.044,-307.129,-346.192,
00:00:41:234,0.558,-0.069,0.912,-12.879,-255.982,-399.048,
00:00:41:250,0.461,-0.057,0.858,23.071,-209.778,-430.726,
00:00:41:267,0.365,-0.001,0.811,39.672,-168.335,-474.122,
00:00:41:284,0.293,0,0.76,-10.926,-127.625,-488.953,
00:00:41:300,0.211,0.06,0.837,-48.279,-116.822,-476.563,
00:00:41:317,0.129,0.053,0.893,-84.534,-86.304,-451.233,
00:00:41:334,0.057,0.097,0.931,-65.613,-66.895,-431.275,
00:00:41:350,-0.021,0.116,0.926,-30.945,-36.377,-417.908,
00:00:41:367,-0.115,0.25,0.919,39.245,-2.808,-385.926,
00:00:41:384,-0.189,0.297,0.915,123.291,60.18,-365.601,
00:00:41:400,-0.221,0.295,0.892,166.015,103.698,-332.032,
00:00:41:417,-0.218,0.289,0.833,123.047,143.493,-288.208,
00:00:41:434,-0.202,0.262,0.804,46.081,147.277,-247.498,
00:00:41:450,-0.188,0.368,0.866,-5.738,152.771,-196.167,
00:00:41:467,-0.195,0.352,0.928,8.178,206.176,-157.898,
00:00:41:484,-0.09,0.375,0.942,39.428,251.892,-115.296,
00:00:41:500,-0.014,0.306,0.973,85.937,292.175,-91.858,
00:00:41:517,0.077,0.239,0.985,94.299,314.392,-63.233,
00:00:41:534,0.14,0.205,0.997,113.83,317.993,-28.016,
00:00:41:550,0.208,0.11,0.932,161.071,319.641,8.117,
00:00:41:567,0.394,0.05,1.011,165.527,185.913,4.577,
00:00:41:584,0.484,-0.195,1.029,-82.459,7.812,-48.096,
00:00:41:600,0.406,-0.009,1.499,-101.38,-234.986,-56.946,
00:00:41:617,0.239,-0.177,1.5,224.731,-104.065,-107.789,
00:00:41:634,0.263,0.065,0.66,239.013,-31.556,31.25,
00:00:41:650,0.221,-0.048,0.806,-20.142,-7.264,-12.513,
00:00:41:667,0.304,0.011,1.055,-146.241,30.517,-50.965,
00:00:41:684,0.35,0.122,1.168,-93.14,-21.668,-85.45,
00:00:41:700,0.24,0.14,1.133,64.514,-31.922,-72.144,
00:00:41:717,0.236,-0.124,0.858,-27.039,-35.706,-51.026,
00:00:41:734,0.208,0.034,0.968,-98.267,-50.599,-47.12,
00:00:41:750,0.257,-0.049,1.04,-36.438,-30.945,-48.035,
00:00:41:767,0.267,0.047,0.956,62.011,-58.594,-21.973,
00:00:41:784,0.223,0.04,0.878,174.682,-41.993,-22.767,
00:00:41:800,0.306,-0.207,0.883,89.843,24.841,-18.372,
00:00:41:817,0.369,-0.136,0.922,-92.469,-12.818,8.606,
00:00:41:834,0.307,-0.013,0.947,-32.898,-22.644,-5.677,
00:00:41:850,0.357,-0.08,0.963,-3.296,-9.156,-20.752,
00:00:41:867,0.318,-0.042,0.926,11.047,-12.757,-28.382,
00:00:41:884,0.292,-0.001,0.894,30.151,0.061,-28.382,
00:00:41:900,0.293,0.035,0.987,-33.753,-25.452,1.464,
00:00:41:917,0.225,0.044,0.981,44.067,-15.32,10.559,
00:00:41:934,0.231,-0.058,1.067,68.786,7.08,3.906,
00:00:41:950,0.292,-0.055,1.121,113.708,18.92,-27.527,
00:00:41:967,0.254,0.012,0.996,171.936,-21.058,-8.606,
00:00:41:984,0.122,-0.032,0.809,156.25,-25.147,1.77,
00:00:42:0,0.16,-0.124,0.757,67.077,14.526,-9.888,
00:00:42:17,0.294,-0.148,0.955,-134.4,52.246,-19.471,
00:00:42:34,0.383,-0.103,1.129,-150.208,43.273,-6.653,
00:00:42:50,0.374,0.015,1.005,-20.325,6.164,2.136,
00:00:42:67,0.246,-0.086,0.875,35.888,43.823,-31.495,
00:00:42:84,0.283,0.08,0.82,-62.684,52.429,-35.462,
00:00:42:100,0.199,-0.186,0.905,-51.697,87.707,-33.509,
00:00:42:117,0.241,-0.122,1.087,-114.991,49.194,14.16,
00:00:42:134,0.196,0.001,1.07,8.483,42.48,31.738,
00:00:42:150,0.297,0.047,0.904,57.006,48.645,18.005,
00:00:42:167,0.254,-0.087,0.767,7.507,44.677,-5.31,
00:00:42:184,0.354,-0.085,0.796,-71.534,58.288,-21.058,
00:00:42:200,0.318,-0.093,1.015,-123.902,61.828,-36.683,
00:00:42:217,0.383,0.097,1.216,-91.248,99.548,-55.237,
00:00:42:234,0.398,0.077,1.129,45.044,99.792,-57.251,
00:00:42:250,0.314,-0.061,0.925,171.264,123.596,-54.139,
00:00:42:267,0.244,-0.355,0.731,97.656,128.173,-30.213,
00:00:42:284,0.312,-0.387,0.81,-255.982,88.501,17.761,
00:00:42:300,0.256,-0.021,0.966,-318.665,56.579,52.612,
00:00:42:317,0.333,0.146,0.988,-228.15,44.067,66.772,
00:00:42:334,0.191,-0.035,0.979,-68.055,83.557,96.618,
00:00:42:350,0.249,-0.079,1.031,-113.16,94.36,115.478,
00:00:42:367,0.245,-0.062,1.088,-213.501,90.271,123.901,
00:00:42:384,0.286,-0.059,1.143,-362.915,116.211,149.78,
00:00:42:400,0.356,-0.065,1.153,-456.971,156.555,143.432,
00:00:42:417,0.407,0.052,1.088,-563.66,213.317,172.302,
00:00:42:434,0.522,0.232,0.839,-476.868,226.928,170.41,
00:00:42:450,0.459,0.214,0.728,-275.208,293.457,156.433,
00:00:42:467,0.5,0.196,0.629,-33.387,240.783,134.216,
00:00:42:484,0.485,0.119,0.669,103.088,200.012,176.086,
00:00:42:500,0.517,0.009,0.845,257.08,226.379,135.07,
00:00:42:517,0.593,-0.331,1.031,314.026,280.151,81.97,
00:00:42:534,0.72,-0.316,1.011,190.796,192.382,111.084,
00:00:42:550,0.675,-0.205,0.832,154.846,142.273,130.066,
00:00:42:567,0.745,-0.132,0.645,160.034,66.101,104.858,
00:00:42:584,0.85,-0.187,0.682,16.662,-133.057,55.603,
00:00:42:600,0.896,-0.058,0.894,-235.962,-385.987,82.519,
00:00:42:617,0.874,-0.165,1,-236.634,-547.73,-13.916,
00:00:42:634,0.793,0.057,1.011,-180.603,-582.215,-61.036,
00:00:42:650,0.689,0.014,0.867,4.699,-509.583,-135.437,
00:00:42:667,0.607,-0.091,0.763,103.637,-432.801,-204.041,
00:00:42:684,0.48,-0.154,0.747,108.764,-336.67,-261.841,
00:00:42:700,0.392,-0.132,0.774,56.274,-211.548,-304.932,
00:00:42:717,0.383,0.016,0.706,74.523,-145.752,-331.177,
00:00:42:734,0.284,0.047,0.683,118.652,-81.299,-352.539,
00:00:42:750,0.192,0.13,0.704,137.634,-37.598,-355.774,
00:00:42:767,0.123,0.114,0.768,165.466,11.962,-322.022,
00:00:42:784,0.053,0.081,0.799,139.587,39.001,-275.574,
00:00:42:800,-0.013,0.022,0.904,26.367,101.013,-210.694,
00:00:42:817,-0.007,0.056,0.955,-70.74,132.141,-130.616,
00:00:42:834,-0.046,0.222,1.025,-7.691,145.446,-106.568,
00:00:42:850,-0.07,0.159,1,97.717,172.485,-105.774,
00:00:42:867,-0.089,0.056,1.005,28.625,199.829,-83.069,
00:00:42:884,-0.064,0.09,1.045,-122.132,208.313,-36.744,
00:00:42:900,-0.025,0.154,1.067,-169.739,172.363,2.99,
00:00:42:917,-0.023,0.257,1.088,-164.307,143.127,17.517,
00:00:42:934,0.025,0.292,1.106,-133.362,142.7,18.554,
00:00:42:950,0.083,0.279,1.093,-144.776,115.173,13.122,
00:00:42:967,0.441,-0.022,1.569,-411.56,-168.702,23.62,
00:00:42:984,0.136,0.442,1.35,-432.068,-301.148,197.754,
00:00:43:0,-0.073,0.521,1.007,281.067,-70.252,-33.814,
00:00:43:17,0.134,0.553,0.59,1005.737,-42.542,-151.185,
00:00:43:34,0.175,0.474,0.575,1623.84,-155.213,-289.307,
00:00:43:50,0.157,-0.424,0.655,1461.609,26.55,-343.689,
00:00:43:67,0.401,-1.108,1.055,270.568,173.217,-207.276,
00:00:43:84,0.477,-0.271,1.391,-319.825,10.192,-126.526,
00:00:43:100,0.343,0.073,1.325,161.071,-39.185,-268.738,
00:00:43:117,0.398,0.088,1.133,473.388,-108.826,-208.558,
00:00:43:134,0.233,0.002,0.91,661.316,-111.145,-159.119,
00:00:43:150,0.05,-0.198,0.674,459.045,-24.476,-66.224,
00:00:43:167,-0.015,-0.291,0.651,106.323,70.617,-36.866,
00:00:43:184,0.248,-0.42,0.934,-140.686,161.377,-50.538,
00:00:43:200,0.439,-0.336,1.283,-104.615,89.294,-87.891,
00:00:43:217,0.41,-0.098,1.249,96.13,-41.626,-38.88,
00:00:43:234,0.207,-0.135,1.003,337.951,-88.257,-55.726,
00:00:43:250,0.212,-0.337,0.665,164.367,-26.917,-12.085,
00:00:43:267,0.226,-0.403,0.676,-68.848,43.823,-12.513,
00:00:43:284,0.318,-0.218,0.937,-205.506,32.592,-7.142,
00:00:43:300,0.245,-0.091,1.17,-130.86,37.17,-18.738,
00:00:43:317,0.328,-0.138,1.182,-9.949,0.488,0.915,
00:00:43:334,0.273,-0.114,1.007,135.62,-13.306,-0.184,
00:00:43:350,0.254,-0.322,0.753,59.753,-6.592,10.315,
00:00:43:367,0.163,-0.185,0.647,-125.733,38.574,9.887,
00:00:43:384,0.23,-0.242,0.675,-236.268,42.785,-3.296,
00:00:43:400,0.354,-0.082,1.09,-250.428,116.821,0.183,
00:00:43:417,0.455,-0.317,1.287,-59.388,61.767,-15.503,
00:00:43:434,0.261,-0.018,1.069,149.475,-62.867,6.225,
00:00:43:450,0.122,-0.152,0.515,-100.647,-14.649,17.517,
00:00:43:467,0.256,-0.369,0.983,-247.742,136.108,23.071,
00:00:43:484,0.494,-0.193,1.305,-243.103,43.701,21.606,
00:00:43:500,0.26,0.085,1.208,-62.012,-1.16,18.249,
00:00:43:517,0.264,-0.058,0.926,101.196,38.208,-10.376,
00:00:43:534,0.28,-0.275,0.648,-19.959,30.334,-10.376,
00:00:43:550,0.162,-0.36,0.665,-317.017,133.972,4.333,
00:00:43:567,0.347,-0.11,1.156,-502.93,203.735,15.319,
00:00:43:584,0.419,-0.136,1.281,-387.574,126.831,11.84,
00:00:43:600,0.2,0.13,1.007,-265.503,68.054,33.081,
00:00:43:617,0.088,-0.025,0.696,-190.247,149.475,52.124,
00:00:43:634,0.16,-0.111,0.79,-314.393,194.641,82.519,
00:00:43:650,0.224,-0.153,1.152,-373.963,262.024,87.036,
00:00:43:667,0.408,-0.113,1.28,-289.368,187.988,102.172,
00:00:43:684,0.234,-0.106,1.105,-281.189,137.878,129.577,
00:00:43:700,0.331,0.032,0.959,-272.95,116.821,130.127,
00:00:43:717,0.403,-0.101,0.731,-114.624,99.792,132.446,
00:00:43:734,0.386,-0.232,0.697,-276.185,128.723,124.755,
00:00:43:750,0.491,0.242,0.86,-315.369,124.328,102.6,
00:00:43:767,0.546,0.057,1.193,-171.265,254.577,112.426,
00:00:43:784,0.603,-0.127,1.202,-144.898,193.42,115.966,
00:00:43:800,0.439,0.041,0.946,-47.974,164.245,107.238,
00:00:43:817,0.335,-0.076,0.708,35.217,179.504,130.371,
00:00:43:834,0.285,-0.089,0.579,-156.983,183.593,162.475,
00:00:43:850,0.256,-0.032,0.658,-261.536,170.471,182.983,
00:00:43:867,0.375,-0.053,1.018,-307.068,170.105,204.528,
00:00:43:884,0.505,0,1.303,-257.935,186.035,216.919,
00:00:43:900,0.422,0.18,1.312,-65.857,181.945,236.877,
00:00:43:917,0.335,0.192,1.115,6.897,171.875,296.692,
00:00:43:934,0.329,-0.202,1.05,-67.139,265.136,391.113,
00:00:43:950,0.478,-0.035,0.9,-231.507,324.34,383.972,
00:00:43:967,0.647,0.068,0.84,-315.857,276.367,399.719,
00:00:43:984,0.657,0.118,0.69,-321.9,250.488,398.62,
00:00:44:0,0.843,0.098,0.652,-271.18,239.502,340.576,
00:00:44:17,0.992,0.049,0.647,-182.557,194.152,233.581,
00:00:44:34,1.051,0.009,0.535,-156.617,128.662,167.297,
00:00:44:50,1.166,0.041,0.602,-94.239,-45.777,36.254,
00:00:44:67,1.164,0.074,0.642,17.517,-280.213,-92.286,
00:00:44:84,1.104,0.145,0.594,73.608,-491.15,-216.919,
00:00:44:100,1.005,0.045,0.642,57.922,-603.15,-345.215,
00:00:44:117,0.945,-0.02,0.745,15.808,-644.837,-447.449,
00:00:44:134,0.866,-0.008,0.823,5.188,-625.428,-515.686,
00:00:44:150,0.763,0.002,0.751,-57.19,-535.767,-544.373,
00:00:44:167,0.604,0.081,0.687,-64.27,-448.731,-580.994,
00:00:44:184,0.447,0.087,0.632,12.756,-341.004,-653.443,
00:00:44:200,0.361,0.058,0.629,-20.386,-266.48,-651.062,
00:00:44:217,0.209,0.128,0.678,-111.634,-166.016,-612.915,
00:00:44:234,0.105,0.338,0.707,-118.287,-121.705,-541.26,
00:00:44:250,-0.135,0.313,0.79,-34.852,-9.156,-458.863,
00:00:44:267,-0.184,0.189,0.788,-50.11,107.727,-388.916,
00:00:44:284,-0.209,0.252,0.783,-178.284,198.181,-296.204,
00:00:44:300,-0.175,0.474,0.832,-191.407,256.469,-251.404,
00:00:44:317,-0.109,0.476,0.918,-88.379,309.753,-206.116,
00:00:44:334,-0.081,0.348,1.046,-107.789,368.713,-152.527,
00:00:44:350,0.013,0.217,1.111,-246.277,442.566,-85.938,
00:00:44:367,0.092,0.063,1.094,-513.123,499.755,-8.179,rollLH
00:00:44:384,0.163,0.138,1.016,-724.06,481.14,49.682,
00:00:44:400,0.242,0.227,0.994,-880.005,454.589,111.572,
00:00:44:417,0.328,0.273,0.796,-1014.832,369.995,154.541,
00:00:44:434,0.357,0.321,0.714,-1071.778,255.371,125.671,
00:00:44:450,0.477,0.463,0.592,-900.635,192.138,45.105,
00:00:44:467,0.827,0.698,1.354,-287.476,-207.703,-115.296,
00:00:44:484,0.254,0.154,1.294,482.055,0.671,-200.806,
00:00:44:500,0.43,0.137,1.069,874.939,32.592,-209.961,
00:00:44:517,0.469,-0.283,1.066,830.749,93.078,-266.602,
00:00:44:534,0.361,0.122,0.765,111.328,3.784,-139.405,
00:00:44:550,0.618,0.623,1.086,22.216,-129.029,-91.248,
00:00:44:567,0.078,0.609,0.684,421.325,77.514,-88.318,
00:00:44:584,0.468,-0.01,1.025,510.192,83.19,-159.363,
00:00:44:600,0.428,0.276,0.998,331.97,30.212,-173.035,
00:00:44:617,0.385,0.14,0.996,295.41,46.264,-126.77,
00:00:44:634,0.401,0.033,0.863,95.459,22.155,-80.14,
00:00:44:650,0.385,0.124,0.879,57.19,33.081,-64.087,
00:00:44:667,0.452,0.154,0.87,100.952,30.639,-102.112,
00:00:44:684,0.363,0.034,0.824,74.035,32.043,-96.192,
00:00:44:700,0.395,0.1,0.811,-0.489,26.062,-71.9,
00:00:44:717,0.375,0.02,0.77,-76.233,21.606,-36.194,
00:00:44:734,0.378,0.203,0.858,-16.541,20.629,-23.377,
00:00:44:750,0.464,0.203,0.904,84.899,32.348,-40.528,
00:00:44:767,0.494,0.093,0.926,140.197,59.326,-10.254,
00:00:44:784,0.455,-0.017,0.779,107.849,40.283,-15.564,
00:00:44:800,0.486,0.004,0.58,50.109,52.917,-26.062,
00:00:44:817,0.698,0.092,0.687,-25.391,126.953,-116.15,
00:00:44:834,0.807,0.187,0.999,-11.597,164.856,-114.441,
00:00:44:850,0.788,0.179,1.11,9.521,152.588,-85.694,
00:00:44:867,0.691,0.061,0.954,-31.311,140.991,-79.834,
00:00:44:884,0.582,-0.009,0.677,-91.248,113.83,-62.561,
00:00:44:900,0.573,0.01,0.581,-124.024,97.168,-72.144,
00:00:44:917,0.528,-0.062,0.695,-88.807,89.05,-50.538,
00:00:44:934,0.588,0.138,0.916,-14.161,62.5,-19.837,
00:00:44:950,0.469,0.002,0.928,56.03,12.756,34.912,
00:00:44:967,0.41,0.12,0.835,19.104,-60.425,37.231,
00:00:44:984,0.268,0.144,0.77,-5.86,-118.164,74.279,
00:00:45:0,0.23,0.111,0.729,-8.24,-131.897,75.561,
00:00:45:17,0.329,0.286,0.923,-13.611,-100.342,44.372,
00:00:45:34,0.383,0.137,1.079,22.277,-59.815,53.161,
00:00:45:50,0.364,0.189,1.014,-18.433,-70.313,93.933,
00:00:45:67,0.446,-0.002,0.834,-4.273,-48.829,60.669,
00:00:45:84,0.408,0.102,0.915,-21.973,-24.537,45.959,
00:00:45:100,0.38,0.064,1.062,-42.359,2.197,55.847,
00:00:45:117,0.345,0.212,0.967,-87.281,6.103,98.938,
00:00:45:134,0.358,0.072,0.911,-75.867,80.993,54.443,
00:00:45:150,0.485,0.256,0.9,-145.813,89.538,109.558,
00:00:45:167,0.512,0.13,0.924,-130.738,59.997,152.526,
00:00:45:184,0.484,-0.026,0.838,-204.285,63.11,139.831,
00:00:45:200,0.714,0.305,0.948,-249.085,90.332,84.167,
00:00:45:217,0.731,0.202,0.858,-245.667,150.268,132.812,
00:00:45:234,0.829,0.181,0.707,-229.31,143.005,59.631,
00:00:45:250,0.797,0.165,0.483,-186.097,143.554,73.181,
00:00:45:267,0.768,0.051,0.475,-173.096,129.699,57.373,
00:00:45:284,0.771,-0.011,0.547,-164.978,115.173,55.297,
00:00:45:300,0.736,0.063,0.638,-195.74,58.837,40.039,
00:00:45:317,0.674,0.188,0.952,-227.173,-8.179,79.711,
00:00:45:334,0.645,0.28,1.082,-176.331,-46.631,117.248,
00:00:45:350,0.7,0.146,0.986,-78.37,-124.207,146.789,
00:00:45:367,0.708,0.017,0.905,-34.79,-173.096,145.324,
00:00:45:384,0.765,-0.034,0.732,8.728,-159.119,139.343,
00:00:45:400,0.855,0.043,0.563,40.71,-169.312,108.52,
00:00:45:417,1.121,0.229,0.45,171.997,-267.762,62.072,
00:00:45:434,1.215,0.146,0.749,342.102,-463.685,-7.019,
00:00:45:450,0.968,0.079,0.617,464.111,-499.268,-46.204,
00:00:45:467,1.141,-0.156,0.613,524.475,-532.105,-134.583,
00:00:45:484,0.952,-0.254,0.748,514.221,-525.025,-239.441,
00:00:45:500,0.906,-0.274,0.706,354.004,-491.822,-256.348,
00:00:45:517,0.772,-0.004,0.457,221.984,-498.414,-275.025,
00:00:45:534,0.568,0.157,0.367,291.259,-516.419,-347.229,
00:00:45:550,0.36,-0.01,0.481,349.487,-472.107,-392.09,
00:00:45:567,0.204,-0.168,0.701,185.18,-398.926,-334.046,
00:00:45:584,0.075,-0.08,0.831,-40.711,-289.917,-233.521,
00:00:45:600,0.014,0.181,0.866,-58.045,-191.773,-99.366,
00:00:45:617,-0.021,0.48,0.881,168.823,-170.533,-69.092,
00:00:45:634,-0.047,0.38,0.871,462.951,-122.498,-6.043,
00:00:45:650,-0.186,0.013,0.914,343.811,-63.782,61.767,
00:00:45:667,-0.249,0.154,0.937,-17.884,-89.783,139.648,
00:00:45:684,-0.239,0.381,1.053,-11.353,-66.224,147.4,
00:00:45:700,-0.191,0.4,1.193,146.606,-52.918,172.18,
00:00:45:717,-0.143,0.414,1.249,301.025,-41.443,191.772,
00:00:45:734,-0.14,0.269,1.128,357.605,-36.316,202.88,
00:00:45:750,-0.154,0.212,1.075,222.534,-54.2,192.749,
00:00:45:767,-0.125,0.455,1.038,96.74,-55.909,188.476,
00:00:45:784,-0.118,0.528,1.076,147.338,24.475,162.109,
00:00:45:800,-0.075,0.478,1.062,265.808,91.98,139.77,
00:00:45:817,-0.022,0.077,1.308,283.325,89.538,23.071,
00:00:45:834,0.227,-0.459,1.737,-11.597,-191.163,-2.869,
00:00:45:850,-0.18,0.194,1.442,32.836,-147.034,40.649,
00:00:45:867,0.165,-0.024,1.013,347.107,8.3,-77.149,
00:00:45:884,0.26,0.353,0.854,448.852,-114.624,-135.132,
00:00:45:900,0.042,0.19,0.701,558.471,-33.143,-121.888,
00:00:45:917,0.161,-0.277,0.615,256.958,66.04,-111.878,
00:00:45:934,0.241,-0.1,1.004,-226.563,97.412,-160.218,
00:00:45:950,0.312,-0.016,1.38,-296.326,164.55,-198.182,
00:00:45:967,0.358,0.073,1.33,-119.812,74.218,-208.863,
00:00:45:984,0.091,0.153,1.032,129.333,2.258,-181.519,
00:00:46:0,-0.055,0.054,0.702,273.071,29.663,-161.255,
00:00:46:17,-0.12,-0.253,0.656,58.471,99.609,-103.028,
00:00:46:34,0.097,-0.136,0.951,-250.428,137.939,-124.695,
00:00:46:50,0.261,0.002,1.266,-336.67,124.878,-153.565,
00:00:46:67,0.209,0.241,1.359,-147.461,119.751,-154.847,
00:00:46:84,0.228,0.124,1.1,168.151,128.967,-106.507,
00:00:46:100,0.126,-0.245,0.804,155.029,156.86,-107.3,
00:00:46:117,0.416,-0.019,1.033,-151.307,226.257,-113.282,
00:00:46:134,0.525,-0.065,1.084,-30.152,184.814,-117.493,
00:00:46:150,0.493,-0.183,0.998,91.003,126.281,-126.343,
00:00:46:167,0.316,-0.19,0.748,25.573,100.647,-108.704,
00:00:46:184,0.374,-0.187,0.817,-226.746,136.596,-81.116,
00:00:46:200,0.397,0.004,1.05,-199.341,107.422,-79.468,
00:00:46:217,0.386,-0.036,1.139,-79.895,65.979,-75.074,
00:00:46:234,0.372,-0.072,1.068,35.461,55.603,-83.008,
00:00:46:250,0.274,-0.21,0.93,-42.847,65.795,-59.449,
00:00:46:267,0.224,-0.102,0.81,-139.283,104.431,-37.293,
00:00:46:284,0.306,-0.01,0.821,-167.664,153.076,-28.748,
00:00:46:300,0.379,-0.024,1.068,-167.847,174.865,-13.062,
00:00:46:317,0.499,-0.106,1.196,-163.269,154.602,-19.471,
00:00:46:334,0.559,-0.078,1.078,-179.078,114.929,-1.831,
00:00:46:350,0.531,-0.125,0.814,-187.012,122.314,6.652,
00:00:46:367,0.492,-0.176,0.736,-205.994,176.452,-17.029,
00:00:46:384,0.55,0.006,0.722,-259.827,209.228,-18.86,
00:00:46:400,0.622,-0.008,0.885,-218.018,229.248,-21.119,
00:00:46:417,0.638,-0.153,0.937,-184.144,201.965,2.99,
00:00:46:434,0.554,-0.118,0.864,-207.764,176.025,-3.052,
00:00:46:450,0.413,0.012,0.843,-240.296,166.626,12.634,
00:00:46:467,0.371,-0.008,0.893,-306.885,189.331,26.611,
00:00:46:484,0.373,0.014,1.054,-382.996,204.712,46.691,
00:00:46:500,0.373,-0.011,1.12,-435.242,205.932,59.265,
00:00:46:517,0.405,0.095,1.109,-508.362,216.735,51.452,
00:00:46:534,0.469,0.038,1.058,-532.593,227.905,65.856,
00:00:46:550,0.47,0.124,0.894,-590.76,192.627,77.88,
00:00:46:567,0.451,0.191,0.743,-512.696,190.185,114.196,
00:00:46:584,0.421,0.054,0.749,-430.054,231.506,137.878,
00:00:46:600,0.585,-0.001,0.765,-392.151,182.8,133.239,
00:00:46:617,0.689,0.074,0.838,-370.667,144.714,129.15,
00:00:46:634,0.761,0.142,0.756,-364.93,127.746,141.357,
00:00:46:650,0.823,0.175,0.729,-293.641,134.46,146.484,
00:00:46:667,0.941,0.197,0.743,-116.639,12.268,97.412,
00:00:46:684,1.141,0.092,0.884,-63.538,-171.387,131.897,
00:00:46:700,1.153,0.074,0.881,-65.857,-372.498,107.36,
00:00:46:717,1.1,0.071,0.786,10.498,-486.878,64.575,
00:00:46:734,0.933,0.04,0.687,64.758,-520.386,10.009,
00:00:46:750,0.797,0.037,0.585,112.976,-496.338,-50.843,
00:00:46:767,0.656,0.063,0.493,136.718,-414.856,-125.184,
00:00:46:784,0.629,0.121,0.447,125.488,-349.305,-219.91,
00:00:46:800,0.495,0.076,0.38,64.697,-261.536,-269.715,
00:00:46:817,0.385,0.065,0.42,59.692,-142.64,-322.998,
00:00:46:834,0.359,0.063,0.505,16.54,-60.975,-330.018,
00:00:46:850,0.332,0.129,0.633,5.127,22.949,-312.623,
00:00:46:867,0.313,0.173,0.603,23.559,72.448,-267.212,
00:00:46:884,0.237,0.303,0.579,84.961,69.458,-270.569,
00:00:46:900,0.173,0.252,0.658,178.894,111.572,-298.035,
00:00:46:917,0.173,0.164,0.829,198.059,158.325,-234.009,
00:00:46:934,0.208,0.169,0.92,91.613,178.405,-152.039,
00:00:46:950,0.193,0.231,0.996,15.869,192.505,-93.689,
00:00:46:967,0.153,0.351,0.977,57.983,185.608,-71.778,
00:00:46:984,0.142,0.472,0.983,199.157,162.597,-34.79,
00:00:47:0,0.138,0.382,1,305.969,153.991,3.173,
00:00:47:17,0.167,0.27,1.044,300.293,106.567,34.851,
00:00:47:34,0.117,0.189,1.109,192.138,54.809,63.964,
00:00:47:50,0.11,0.158,1.204,46.325,60.607,98.205,
00:00:47:67,0.144,0.32,1.212,-11.536,62.194,88.378,
00:00:47:84,0.122,0.287,1.125,85.754,119.812,82.275,
00:00:47:100,0.179,0.223,1.047,92.529,120.483,90.637,
00:00:47:117,0.175,0.291,0.75,98.266,145.752,80.81,
00:00:47:134,0.785,0.058,1.747,181.884,-138.245,147.644,
00:00:47:150,0.172,-0.064,1.084,62.255,-191.285,70.678,
00:00:47:167,0.154,0.146,0.576,-41.138,-48.89,88.44,
00:00:47:184,0.399,0.523,0.81,311.828,66.528,-17.762,
00:00:47:200,0.314,0.175,0.76,329.101,192.871,-36.255,
00:00:47:217,0.514,0.218,0.927,306.762,237.732,20.996,
00:00:47:234,0.538,-0.186,1.113,197.815,144.165,-35.523,
00:00:47:250,0.307,-0.061,1.02,-22.278,54.565,-12.879,
00:00:47:267,0.254,-0.009,1.013,-77.21,25.94,-56.641,
00:00:47:284,0.234,0.291,1.125,-37.781,18.676,-46.753,
00:00:47:300,0.3,0.201,1.07,41.259,7.324,-22.095,
00:00:47:317,0.206,0.093,1.005,59.448,-14.405,2.99,
00:00:47:334,0.196,-0.006,0.832,21.606,-16.724,7.08,
00:00:47:350,0.279,0.03,0.799,-1.831,-16.419,-3.907,
00:00:47:367,0.359,0.026,0.942,-34.668,-24.781,-23.987,
00:00:47:384,0.347,0.21,0.967,-31.25,-4.883,-18.616,
00:00:47:400,0.39,0.125,0.989,-9.583,15.319,-26.062,
00:00:47:417,0.406,0.115,0.827,-16.602,31.982,-35.035,
00:00:47:434,0.438,0.054,0.756,18.798,44.128,-21.058,
00:00:47:450,0.513,-0.058,0.911,-34.852,48.645,-33.936,
00:00:47:467,0.52,0.036,0.957,-62.745,100.463,-31.434,
00:00:47:484,0.553,0.083,1.074,-66.163,108.459,-52.796,
00:00:47:500,0.635,0.076,1.02,-85.206,87.341,-17.762,
00:00:47:517,0.634,0.076,0.916,-123.108,31.677,16.54,
00:00:47:534,0.516,-0.015,0.723,-78.675,39.428,35.705,
00:00:47:550,0.51,-0.002,0.693,-58.472,91.43,6.286,
00:00:47:567,0.585,0.224,0.903,-51.941,150.634,-42.725,
00:00:47:584,0.703,-0.027,1.096,-141.053,171.875,30.029,
00:00:47:600,0.707,-0.012,1.096,-325.379,107.177,28.625,
00:00:47:617,0.747,0.075,0.868,-362.549,104.126,36.071,
00:00:47:634,0.649,0.216,0.53,-404.725,136.352,49.56,
00:00:47:650,0.755,-0.025,0.576,-311.219,153.198,-4.334,
00:00:47:667,0.756,0.058,0.539,-364.136,80.871,-30.03,
00:00:47:684,0.697,0.009,0.571,-260.193,33.386,-34.974,
00:00:47:700,0.674,-0.041,0.784,-159.18,45.105,-26.856,
00:00:47:717,0.824,-0.021,0.948,-38.88,43.09,11.535,
00:00:47:734,0.875,0.017,0.779,43.518,37.048,60.241,
00:00:47:750,1.056,0.125,0.467,97.839,-60.547,70.251,
00:00:47:767,1.196,0.104,0.706,211.364,-305.603,27.71,
00:00:47:784,1.102,-0.101,0.743,316.528,-468.201,20.202,
00:00:47:800,1.053,-0.255,0.738,305.969,-572.937,-7.386,
00:00:47:817,1.042,-0.287,0.825,430.847,-617.615,-101.929,
00:00:47:834,0.967,-0.338,0.825,606.872,-571.228,-186.951,
00:00:47:850,0.899,-0.407,0.731,583.679,-484.803,-154.847,
00:00:47:867,0.79,-0.469,0.523,275.879,-445.069,-60.242,
00:00:47:884,0.667,-0.159,0.343,-85.633,-603.76,-55.176,
00:00:47:900,0.423,-0.168,0.42,-154.419,-577.454,-74.524,
00:00:47:917,0.354,-0.247,0.535,-316.529,-584.412,-42.481,
00:00:47:934,0.266,-0.162,0.683,-469.91,-574.036,-16.602,
00:00:47:950,0.096,0.018,0.807,-434.937,-529.175,-42.847,
00:00:47:967,-0.057,-0.012,0.906,-357.361,-376.77,-31.373,
00:00:47:984,-0.076,0.273,0.808,-392.762,-352.417,45.349,
00:00:48:0,-0.229,0.303,0.765,-184.388,-293.58,81.176,
00:00:48:17,-0.367,0.364,0.832,-127.869,-270.813,153.015,
00:00:48:34,-0.281,0.419,1.019,-83.68,-230.103,239.746,
00:00:48:50,-0.217,0.43,1.057,-24.476,-197.632,365.6,
00:00:48:67,-0.213,0.486,1.029,104.492,-190.735,425.048,
00:00:48:84,-0.217,0.445,0.929,296.386,-185.852,410.888,
00:00:48:100,-0.221,0.347,0.995,421.203,-100.342,389.953,
00:00:48:117,-0.132,0.204,0.983,388.977,-47.181,435.363,
00:00:48:134,-0.173,0.213,0.984,351.074,-49.744,444.946,
00:00:48:150,-0.203,0.188,1.036,448.608,-14.71,399.902,
00:00:48:167,-0.178,0.374,1.043,435.852,-31.006,349.304,
00:00:48:184,-0.089,0.363,1.052,474.304,26.977,271.911,
00:00:48:200,-0.042,0.276,1.052,402.221,25.817,261.901,
00:00:48:217,-0.056,0.229,1.05,283.996,7.69,257.507,
00:00:48:234,-0.076,0.121,1.024,204.345,24.536,229.736,
00:00:48:250,-0.083,0.146,0.99,111.45,49.865,157.104,
00:00:48:267,-0.075,0.164,1.025,62.316,134.765,121.46,
00:00:48:284,-0.008,0.151,0.978,132.019,258.85,64.025,
00:00:48:300,0.52,-0.383,1.193,-135.315,-190.186,-86.182,
00:00:48:317,-0.194,0.397,1.751,-371.155,-566.102,51.757,
00:00:48:334,-0.466,0.248,1.444,555.847,-73.243,-40.772,
00:00:48:350,0.178,-0.035,0.914,508.911,-33.326,-51.636,
00:00:48:367,0.07,0.033,0.711,143.615,-199.341,-73.975,
00:00:48:384,0.024,0.361,0.651,-14.588,-136.963,-50.538,rollLH
00:00:48:400,0.021,-0.06,1.458,-276.429,-44.434,-104.493,
00:00:48:417,0.037,0.241,1.276,87.707,19.958,-2.991,
00:00:48:434,0.026,0.292,0.693,179.748,-4.761,74.646,
00:00:48:450,-0.034,0.153,0.599,132.019,-8.789,68.725,
00:00:48:467,0.051,0.084,0.929,-77.637,-38.086,71.777,
00:00:48:484,0.079,0.021,1.373,-297.303,-13.672,52.002,
00:00:48:500,0.099,0.259,1.361,-82.215,-20.02,60.485,
00:00:48:517,0.072,0.145,0.933,205.261,-30.884,88.806,
00:00:48:534,-0.024,-0.081,0.63,148.254,-3.296,130.92,
00:00:48:550,0.004,0.166,1.206,-424.439,82.702,91.552,
00:00:48:567,0.07,0.141,1.371,-181.946,119.262,118.896,
00:00:48:584,0.014,0.068,1.115,31.189,111.572,173.278,
00:00:48:600,-0.027,0.124,0.717,198.791,145.874,205.322,
00:00:48:617,0.141,-0.069,0.655,-53.284,277.221,205.322,
00:00:48:634,0.188,-0.078,0.903,-236.451,254.333,212.219,
00:00:48:650,0.345,-0.105,1.172,-187.5,276.367,153.198,
00:00:48:667,0.284,-0.053,1.151,-134.888,262.268,130.31,
00:00:48:684,0.372,-0.058,1.022,-106.629,305.359,71.167,
00:00:48:700,0.253,-0.055,0.964,-138.489,343.994,31.066,
00:00:48:717,0.338,-0.097,0.886,-104.432,329.528,42.48,
00:00:48:734,0.229,-0.075,0.893,-216.492,295.959,90.698,
00:00:48:750,0.266,-0.074,0.821,-328.431,252.075,116.027,
00:00:48:767,0.241,-0.031,1.11,-386.414,295.837,149.292,
00:00:48:784,0.369,0.052,1.252,-294.251,321.045,186.096,
00:00:48:800,0.281,0.015,1.32,-47.852,344.665,208.313,
00:00:48:817,0.372,-0.096,1.049,117.859,376.953,207.092,
00:00:48:834,0.433,-0.087,0.876,23.132,309.753,189.453,
00:00:48:850,0.585,-0.085,0.837,-189.82,172.302,181.457,
00:00:48:867,0.678,-0.106,0.976,-394.959,-68.726,179.687,
00:00:48:884,0.689,-0.002,1.163,-407.532,-210.083,179.138,
00:00:48:900,0.681,0.025,1.173,-174.683,-273.011,145.446,
00:00:48:917,0.656,-0.006,1.011,-38.269,-286.255,104.309,
00:00:48:934,0.587,0.09,0.856,15.502,-312.989,63.171,
00:00:48:950,0.527,0.014,0.838,86.486,-308.899,-12.696,
00:00:48:967,0.464,-0.052,0.841,77.148,-302.491,-47.364,
00:00:48:984,0.38,-0.011,0.806,76.294,-292.786,-90.577,
00:00:49:0,0.338,0.019,0.72,128.845,-306.641,-145.874,
00:00:49:17,0.263,0.018,0.741,101.989,-308.106,-191.224,
00:00:49:34,0.177,0.069,0.813,77.331,-239.563,-220.765,
00:00:49:50,0.157,0.064,0.857,162.597,-202.637,-221.924,
00:00:49:67,0.167,0.013,0.819,254.394,-186.89,-233.094,
00:00:49:84,0.083,-0.042,0.816,218.444,-197.754,-245.911,
00:00:49:100,0.023,0.046,0.774,169.555,-196.534,-262.024,
00:00:49:117,-0.03,0.019,0.838,110.717,-181.031,-274.903,
00:00:49:134,-0.091,0.105,0.921,121.948,-153.565,-254.456,
00:00:49:150,-0.181,0.136,1.007,251.22,-93.506,-241.15,
00:00:49:167,-0.21,0.11,0.964,306.945,-48.279,-225.647,
00:00:49:184,-0.224,0.127,0.925,289.245,-17.456,-227.539,
00:00:49:200,-0.194,0.196,0.939,202.331,-40.65,-203.858,
00:00:49:217,-0.188,0.199,1.044,164.672,-44.8,-176.819,
00:00:49:234,-0.167,0.167,1.092,156.799,-53.101,-138.611,
00:00:49:250,-0.096,0.14,1.109,170.471,-42.786,-126.465,
00:00:49:267,-0.113,0.135,1.095,169.677,-48.706,-143.128,
00:00:49:284,-0.085,0.165,1.08,119.323,-33.448,-170.411,
00:00:49:300,-0.08,0.176,1.118,98.449,-28.016,-177.491,
00:00:49:317,-0.069,0.174,1.141,65.734,-6.043,-156.678,
00:00:49:334,-0.028,0.101,1.15,45.166,31.372,-134.034,
00:00:49:350,0.028,0.158,1.067,102.966,43.945,-92.53,
00:00:49:367,0.089,0.088,0.968,151.55,66.101,-82.581,
00:00:49:384,0.113,0.071,0.841,139.953,40.893,-67.017,
00:00:49:400,0.294,0.066,1.077,-64.759,-101.38,-25.33,
00:00:49:417,0.281,0.065,1.247,-242.92,-255.372,12.329,
00:00:49:434,-0.058,0.166,1.052,196.472,-144.959,19.592,
00:00:49:450,0.046,0.088,0.878,439.941,-37.964,9.582,
00:00:49:467,0.011,0.082,0.677,654.297,-93.995,9.887,
00:00:49:484,0.09,-0.312,0.68,632.934,-85.206,-36.011,
00:00:49:500,0.086,-0.438,0.919,-22.644,-172.425,-105.53,
00:00:49:517,-0.03,-0.136,1.297,-256.348,-119.446,-142.09,
00:00:49:534,0.048,-0.011,1.422,-43.58,-66.224,-118.958,
00:00:49:550,-0.023,0,1.208,184.936,-83.863,-70.191,
00:00:49:567,-0.117,0.2,0.846,303.894,-107.544,1.037,
00:00:49:584,-0.144,0.142,0.827,248.047,-18.25,15.747,
00:00:49:600,-0.048,-0.22,1,5.493,28.991,36.621,
00:00:49:617,-0.041,-0.305,1.248,-181.519,25.94,18.493,
00:00:49:634,0.022,-0.248,1.29,-150.513,39.123,2.746,
00:00:49:650,0.086,-0.181,1.211,-47.547,40.771,-8.179,
00:00:49:667,-0.008,-0.127,0.923,-321.656,56.396,5.676,
00:00:49:684,-0.081,-0.152,1.378,-414.124,49.804,11.23,
00:00:49:700,-0.065,-0.006,1.444,-221.985,47.058,33.142,
00:00:49:717,-0.04,0.09,1.088,-49.378,20.263,78.979,
00:00:49:734,0.027,-0.073,1.119,-459.107,83.19,89.965,
00:00:49:750,0.021,0.086,1.542,-411.499,98.449,73.669,
00:00:49:767,-0.009,0.165,1.329,-121.582,108.276,93.689,
00:00:49:784,-0.002,0.028,1.03,57.861,141.418,127.807,
00:00:49:800,-0.008,-0.333,0.772,-103.089,159.851,142.517,
00:00:49:817,-0.026,0.042,0.524,-341.675,204.956,100.158,
00:00:49:834,0.083,0.214,0.952,-406.8,320.739,67.871,
00:00:49:850,0.107,0.088,1.31,-229.92,338.073,87.341,
00:00:49:867,0.214,-0.146,1.238,-85.755,280.7,105.896,
00:00:49:884,0.139,-0.365,0.964,-116.15,251.587,138.61,
00:00:49:900,0.203,-0.144,0.815,-286.805,269.043,107.299,
00:00:49:917,0.299,0,0.913,-341.492,314.941,87.951,
00:00:49:934,0.21,0.107,1.196,-290.467,290.466,107.177,
00:00:49:950,0.181,-0.098,1.019,-217.408,268.005,144.836,
00:00:49:967,0.118,0.026,0.919,-212.769,290.588,198.303,
00:00:49:984,0.219,0.089,0.821,-85.45,352.234,212.097,
00:00:50:1,0.269,0.019,0.766,-142.395,361.328,225.28,
00:00:50:17,0.634,-0.083,1.085,-226.075,199.585,218.994,
00:00:50:34,0.81,-0.124,1.311,-217.286,37.109,196.411,
00:00:50:51,0.672,-0.027,1.238,-38.025,-10.071,175.232,
00:00:50:67,0.754,-0.098,1.058,50.903,-33.265,103.698,
00:00:50:84,0.505,0.104,0.884,119.567,-294.434,-8.728,
00:00:50:101,0.451,0.013,0.854,133.178,-310.303,-52.613,
00:00:50:117,0.314,0.036,0.895,178.405,-294.434,-89.112,
00:00:50:134,0.321,-0.047,0.853,188.781,-265.442,-105.286,
00:00:50:151,0.124,0.004,0.726,150.756,-199.646,-232.85,
00:00:50:167,0.092,0.078,0.803,59.265,-156.006,-281.556,
00:00:50:184,0.075,0.127,0.929,91.735,-104.493,-305.298,
00:00:50:201,0.076,0.104,0.972,182.19,-63.416,-310.364,
00:00:50:217,0.012,0.06,0.997,202.087,-85.877,-295.655,
00:00:50:234,-0.075,0.055,0.999,108.703,-68.787,-280.396,
00:00:50:251,-0.091,0.198,0.963,63.354,-56.946,-268.189,
00:00:50:267,-0.161,0.228,0.992,97.656,-24.292,-250.916,
00:00:50:284,-0.211,0.229,1.016,158.691,31.311,-232.911,
00:00:50:301,-0.275,0.213,1.001,247.802,95.947,-239.136,
00:00:50:317,-0.266,0.129,0.996,259.887,175.354,-250.123,
00:00:50:334,-0.167,0.149,1.033,60.18,231.079,-253.113,
00:00:50:351,-0.116,0.222,1.093,-48.462,233.703,-216.309,
00:00:50:367,-0.041,0.207,1.124,-51.575,237.609,-176.819,
00:00:50:384,0.061,0.137,1.12,-41.321,238.159,-136.109,
00:00:50:401,0.147,0.116,1.055,-25.025,211.303,-124.695,
00:00:50:417,0.334,0.115,1.271,-121.582,109.314,-116.7,
00:00:50:434,0.309,0.278,1.169,-123.047,27.648,-78.736,
00:00:50:451,0.097,0.221,1.068,155.578,102.111,-92.53,
00:00:50:467,0.248,0.047,0.901,182.373,-49.927,-79.102,
00:00:50:484,-0.003,-0.07,0.918,434.875,14.77,-99.122,
00:00:50:501,0.439,-0.495,1.065,246.338,44.738,-152.894,
00:00:50:517,0.342,-0.338,0.771,-74.036,-131.287,-31.678,
00:00:50:534,0.145,-0.009,0.877,91.186,-108.948,-167.908,
00:00:50:551,0.36,0.148,0.686,101.867,-151.062,-154.236,
00:00:50:567,0.119,0.134,0.875,108.276,-146.546,-178.345,
00:00:50:584,0.071,-0.003,1.086,93.75,-73.426,-118.348,
00:00:50:601,0.026,-0.105,1.299,36.132,-10.193,-82.52,
00:00:50:617,0.069,0.039,1.383,82.519,-38.086,-26.551,
00:00:50:634,0.042,0.13,1.18,291.87,-69.336,22.888,
00:00:50:651,-0.002,0.079,0.763,322.57,-71.778,95.642,
00:00:50:667,0.035,-0.242,0.82,71.044,-46.326,78.308,
00:00:50:684,0.179,-0.179,1.057,-70.374,-74.219,88.989,
00:00:50:701,0.258,0.037,1.001,-10.621,-109.314,71.472,
00:00:50:717,0.196,-0.087,0.996,79.589,-92.408,42.419,
00:00:50:734,0.243,-0.162,0.963,103.332,-93.689,21.972,
00:00:50:751,0.229,-0.259,0.871,35.949,-93.75,-12.146,
00:00:50:767,0.192,0.016,0.728,-96.375,-123.78,-29.114,
00:00:50:784,0.067,-0.027,0.992,-161.438,-88.013,-47.12,
00:00:50:801,0.061,-0.09,1.297,-124.939,-91.309,-13.733,
00:00:50:817,0.027,-0.084,1.241,22.216,-96.253,35.156,
00:00:50:834,0.044,0.002,0.957,88.867,-91.919,61.706,
00:00:50:851,0.071,-0.006,0.838,-80.994,-46.998,45.471,
00:00:50:867,0.062,0.011,0.917,-159.913,-50.477,32.592,
00:00:50:884,0.171,-0.17,1.216,-237.061,-12.574,15.258,
00:00:50:901,0.124,-0.035,1.319,-80.384,-10.193,15.869,
00:00:50:917,0.151,0.072,1.011,92.468,-7.508,-3.479,
00:00:50:934,0.095,-0.006,0.858,77.392,32.775,-43.274,
00:00:50:951,0.028,-0.042,0.743,-78.064,30.456,-34.18,
00:00:50:967,0.034,-0.053,0.994,-192.505,25.94,-26.246,
00:00:50:984,0.074,-0.101,1.386,-176.148,36.071,-1.16,
00:00:51:1,0.133,0.018,1.27,33.508,15.075,37.719,
00:00:51:17,0.143,-0.034,0.755,201.233,-8.789,50.231,
00:00:51:34,0.105,-0.171,0.568,-33.936,23.559,47.851,
00:00:51:51,0.129,-0.059,0.901,-171.204,16.54,35.705,
00:00:51:67,0.175,-0.12,1.278,-231.141,29.174,36.621,
00:00:51:84,0.165,-0.057,1.432,-113.038,39.672,7.08,
00:00:51:101,0.211,-0.008,0.957,106.567,17.395,12.268,
00:00:51:117,0,-0.007,0.619,149.841,38.391,40.1,
00:00:51:134,0.053,-0.143,0.76,-91.614,40.283,37.292,
00:00:51:151,0.104,0.01,1.16,-277.832,42.297,37.658,
00:00:51:167,0.096,0.011,1.371,-144.288,61.157,51.391,
00:00:51:184,0.22,-0.103,1.249,24.231,53.527,74.585,
00:00:51:201,0.106,0.064,0.901,-246.644,70.861,33.264,
00:00:51:217,0.052,-0.06,1.42,-239.747,31.066,51.818,
00:00:51:234,0.171,-0.131,1.306,-70.618,21.179,79.895,
00:00:51:251,0.166,-0.089,0.956,-0.489,12.512,100.036,
00:00:51:267,0.134,0.192,0.683,11.718,1.22,89.233,
00:00:51:284,0.008,0.108,0.826,-105.286,21.118,65.918,
00:00:51:301,-0.046,0.182,1.03,-205.14,16.296,94.726,
00:00:51:317,-0.051,0.085,1.087,-184.571,55.908,121.46,
00:00:51:334,-0.006,0.049,1.224,-140.442,159.118,177.368,
00:00:51:351,0.157,-0.073,1.219,-140.198,175.354,190.368,
00:00:51:367,0.166,0.005,1.144,-163.025,144.226,202.758,
00:00:51:384,0.174,0.063,0.979,-133.973,153.686,200.866,
00:00:51:401,0.182,0.073,0.834,-134.766,178.283,183.899,
00:00:51:417,0.179,0.092,0.671,-78.064,187.378,186.279,
00:00:51:434,0.3,-0.203,0.746,-184.571,225.525,145.63,
00:00:51:451,0.287,-0.014,0.839,-322.388,212.646,125.244,
00:00:51:467,0.392,0.01,1.022,-307.435,235.962,90.332,
00:00:51:484,0.365,0.078,1.114,-202.576,227.966,90.515,
00:00:51:501,0.212,-0.092,0.996,-175.721,179.504,104.919,
00:00:51:517,0.202,0.134,0.952,-262.94,182.434,122.07,
00:00:51:534,0.248,0.193,0.936,-170.411,192.382,107.116,
00:00:51:551,0.328,0.007,1.104,-127.137,179.199,94.848,
00:00:51:567,0.452,-0.126,1.146,-93.995,130.005,92.407,
00:00:51:584,0.528,-0.108,1.164,-11.536,47.729,88.317,
00:00:51:601,0.666,-0.133,1.008,97.839,-46.082,80.566,
00:00:51:617,0.686,-0.174,1.019,42.785,-180.054,56.701,
00:00:51:634,0.81,-0.093,1.135,96.008,-316.834,26.306,
00:00:51:651,0.638,0.055,1.069,241.15,-372.437,17.7,
00:00:51:667,0.832,-0.296,1.043,370.483,-417.237,-97.596,
00:00:51:684,0.7,-0.098,0.947,308.899,-538.636,-114.93,
00:00:51:701,0.579,-0.183,0.883,322.754,-581.055,-161.011,
00:00:51:717,0.095,0.11,0.741,408.386,-539.185,-189.576,
00:00:51:734,-0.005,0.039,0.734,455.688,-463.746,-181.458,
00:00:51:751,-0.147,-0.057,0.667,500.244,-410.218,-164.612,
00:00:51:767,-0.249,-0.221,0.715,439.27,-320.191,-199.83,
00:00:51:784,-0.316,-0.155,0.738,304.504,-276.795,-267.029,
00:00:51:801,-0.384,-0.105,0.803,134.399,-197.754,-352.906,
00:00:51:817,-0.469,0.048,0.847,49.621,-186.402,-380.372,
00:00:51:834,-0.55,-0.004,0.902,70.617,-110.108,-389.222,
00:00:51:851,-0.541,0.104,0.935,81.665,-32.471,-341.675,
00:00:51:867,-0.475,0.084,1.045,80.993,50.72,-296.082,
00:00:51:884,-0.358,0.192,1.124,98.449,72.998,-236.084,
00:00:51:901,-0.264,0.192,1.116,146.179,78.491,-184.449,
00:00:51:917,-0.158,0.153,1.026,180.786,34.118,-140.015,
00:00:51:934,-0.064,0.181,0.978,102.6,6.469,-76.05,
00:00:51:951,-0.078,0.263,0.958,81.481,-5.372,-29.908,
00:00:51:967,-0.107,0.224,1.029,117.37,57.373,5.493,
00:00:51:984,-0.09,0.239,0.995,179.199,154.174,26.001,
00:00:52:1,-0.05,0.061,1.036,176.391,218.2,10.315,
00:00:52:17,-0.017,-0.064,1.039,86.181,221.496,-1.16,
00:00:52:34,-0.027,-0.19,1.088,-40.65,204.528,-28.382,
00:00:52:51,-0.012,-0.187,1.17,-104.004,172.485,-72.571,
00:00:52:67,0.05,-0.299,1.25,-128.724,128.54,-114.563,
00:00:52:84,0.304,-0.237,1.394,-339.478,-69.642,-106.507,
00:00:52:101,-0.15,0.232,1.103,-147.156,-110.657,-90.577,
00:00:52:117,-0.02,-0.077,0.997,191.772,127.319,-139.222,
00:00:52:134,0.253,-0.198,0.903,102.111,45.044,-67.078,
00:00:52:151,-0.064,0.03,0.811,40.283,41.198,-13.245,
00:00:52:167,0.495,-0.73,1.213,-104.981,-31.373,-140.137,
00:00:52:184,0.297,0.417,1.25,-347.657,-430.42,-0.123,
00:00:52:201,-0.464,0.344,0.884,-20.813,-252.93,48.461,
00:00:52:217,-0.052,0.286,0.836,436.035,19.714,8.972,
00:00:52:234,0.006,0.105,1.31,-177.002,-48.523,146.118,
00:00:52:251,-0.063,0.033,1.464,-46.814,-43.702,119.445,
00:00:52:267,-0.139,-0.069,1.184,150.329,-65.369,110.351,
00:00:52:284,-0.065,-0.409,0.871,-28.748,-0.489,83.313,
00:00:52:301,0.061,-0.216,0.602,-110.23,54.565,31.127,
00:00:52:317,0.277,-0.229,0.621,-50.415,98.327,-16.236,
00:00:52:334,0.204,-0.282,0.95,0.061,16.906,-46.204,
00:00:52:351,0.051,-0.277,1.304,67.016,16.479,-81.604,
00:00:52:367,-0.056,-0.452,1.396,165.1,14.343,-77.637,
00:00:52:384,-0.138,-0.318,1.022,194.275,-15.076,-30.091,rollLH
00:00:52:401,-0.139,-0.115,0.596,214.416,-46.326,28.32,
00:00:52:417,0.05,-0.222,0.997,88.623,-63.172,75.622,
00:00:52:434,-0.003,-0.188,1.076,43.884,-36.866,45.105,
00:00:52:451,-0.021,0.037,1.084,65.918,-29.297,35.583,
00:00:52:467,-0.071,-0.018,0.952,79.65,-19.349,48.034,
00:00:52:484,-0.165,0.022,0.951,-17.823,-32.105,95.886,
00:00:52:501,-0.139,0.06,1.127,-140.87,-5.372,134.155,
00:00:52:517,-0.153,-0.072,1.23,-150.025,36.743,155.334,
00:00:52:534,-0.121,-0.084,1.115,-195.252,79.284,166.015,
00:00:52:551,-0.049,-0.036,1.011,-163.636,136.779,162.353,
00:00:52:567,0.05,-0.226,0.963,-52.979,155.822,136.352,
00:00:52:584,0.064,-0.221,0.828,-170.411,125.732,137.695,
00:00:52:601,0.021,-0.325,0.959,-254.639,145.935,93.383,
00:00:52:617,0.118,-0.073,1.01,-269.837,175.842,77.941,
00:00:52:634,0.036,-0.224,1.015,-56.885,181.579,70.312,
00:00:52:651,0.131,-0.066,0.864,-69.031,195.434,99.731,
00:00:52:667,0.033,-0.219,0.907,76.477,168.335,117.92,
00:00:52:684,0.113,-0.292,0.963,-230.957,130.249,146.85,
00:00:52:701,0.035,-0.028,1.034,-189.331,148.986,150.146,
00:00:52:717,0.231,-0.175,1.072,-68.543,221.557,143.798,
00:00:52:734,0.177,-0.334,1.05,-98.938,239.318,111.45,
00:00:52:751,0.233,-0.217,1.035,-117.249,274.353,34.484,
00:00:52:767,0.232,0.001,0.995,-5.494,317.077,-43.824,
00:00:52:784,0.309,0.209,0.862,-14.527,321.594,-14.283,
00:00:52:801,0.228,0.013,0.856,-25.086,231.75,-35.401,
00:00:52:817,0.503,-0.277,1.205,-35.828,127.136,-64.881,
00:00:52:834,0.667,-0.189,1.354,-185.914,-154.48,-54.383,
00:00:52:851,0.482,0.083,1.318,-119.629,-339.966,-71.961,
00:00:52:867,0.505,-0.094,1.44,190.918,-357.483,-238.892,
00:00:52:884,0.376,-0.012,1.033,-76.905,-432.007,-240.723,
00:00:52:901,0.077,0.011,1.045,43.701,-309.205,-383.301,
00:00:52:917,0.032,-0.009,0.956,78.918,-266.358,-387.574,
00:00:52:934,-0.079,-0.021,0.95,-25.025,-197.327,-353.272,
00:00:52:951,-0.033,0.017,0.925,-65.186,-101.197,-324.28,
00:00:52:967,-0.091,0.048,0.94,-113.221,-73.121,-331.238,
00:00:52:984,-0.075,0.057,0.898,-48.768,-5.372,-370.118,
00:00:53:1,-0.194,-0.022,0.894,-25.818,10.437,-421.57,
00:00:53:17,-0.307,-0.201,0.824,-210.816,138.122,-465.76,
00:00:53:34,-0.328,-0.087,0.849,-340.943,139.282,-439.881,
00:00:53:51,-0.451,0.05,0.935,-383.606,148.071,-428.711,
00:00:53:67,-0.554,0.081,1.022,-444.336,217.651,-415.467,
00:00:53:84,-0.522,0.208,1.02,-471.802,361.328,-416.748,
00:00:53:101,-0.437,0.257,0.948,-420.35,403.32,-353.821,
00:00:53:117,-0.401,0.162,0.914,-316.59,351.989,-285.767,
00:00:53:134,-0.43,0.17,0.915,-485.535,306.518,-186.036,
00:00:53:151,-0.36,0.2,0.952,-651.734,400.146,-239.136,
00:00:53:167,-0.276,0.42,1.062,-836.243,407.653,-212.403,
00:00:53:184,-0.185,0.22,1.166,-946.289,530.456,-354.371,
00:00:53:201,-0.027,0.3,1.062,-969.239,598.083,-257.203,
00:00:53:217,0.07,0.125,0.892,-898.194,567.871,-132.813,
00:00:53:234,0.163,0.048,0.786,-835.999,492.126,-80.201,
00:00:53:251,0.123,0.254,0.858,-856.385,453.979,-101.014,
00:00:53:267,0.149,0.092,1.018,-834.229,637.451,-248.352,
00:00:53:284,0.441,0.31,1.019,-770.386,655.212,-320.618,
00:00:53:301,0.623,0.369,0.796,-225.403,666.931,-330.689,
00:00:53:317,0.501,-0.2,0.591,179.077,725.463,-249.817,
00:00:53:334,0.662,-0.344,0.507,-186.219,640.136,-221.375,
00:00:53:351,0.765,-0.004,0.603,-435.975,480.224,-161.133,
00:00:53:367,0.657,0.266,0.76,-224.854,453.979,-172.913,
00:00:53:384,0.694,0.155,0.852,99.914,510.192,-236.573,
00:00:53:401,0.75,0.042,0.373,255.859,537.536,-275.757,
00:00:53:417,1.741,0.347,1.635,232.238,-165.039,-371.521,
00:00:53:434,0.397,0.168,1.335,83.374,-123.414,-76.477,
00:00:53:451,0.583,0.124,1.123,322.509,-87.708,-97.901,
00:00:53:467,0.34,0.236,0.76,502.441,-57.312,-222.413,
00:00:53:484,0.276,0.584,0.491,652.404,-24.17,-177.43,
00:00:53:501,0.17,0.02,0.519,520.324,103.271,-139.771,
00:00:53:517,0.379,-0.003,0.963,162.414,95.153,-122.498,
00:00:53:534,0.401,0.247,1.238,165.466,95.459,-184.998,
00:00:53:551,0.186,0.041,0.857,283.752,17.822,-102.051,
00:00:53:567,0.178,0.059,0.793,95.52,-0.184,-52.491,
00:00:53:584,0.164,0.255,0.766,71.777,26.367,-30.152,
00:00:53:601,0.301,0.151,0.808,20.568,75.195,2.563,
00:00:53:617,0.461,0.231,0.935,38.086,51.33,-0.123,
00:00:53:634,0.463,0.286,0.905,17.334,75.256,31.127,
00:00:53:651,0.471,0.162,0.859,82.885,91.857,1.953,
00:00:53:667,0.534,0.053,0.876,-10.254,103.698,-8.118,
00:00:53:684,0.574,0.193,1.001,-87.769,118.164,-13.428,
00:00:53:701,0.624,0.054,0.994,-90.821,125.183,-16.968,
00:00:53:717,0.507,0.09,0.778,-70.069,131.103,-34.485,
00:00:53:734,0.461,0.002,0.797,-97.962,135.742,-9.888,
00:00:53:751,0.471,0.155,0.81,-172.425,129.394,19.165,
00:00:53:767,0.526,0.081,0.772,-111.756,118.591,29.113,
00:00:53:784,0.477,0.124,0.82,-92.713,105.529,38.391,
00:00:53:801,0.507,0.222,0.773,7.934,116.882,54.931,
00:00:53:817,0.457,0.117,0.799,-20.081,135.925,65.918,
00:00:53:834,0.621,0.145,0.842,-154.602,142.822,61.706,
00:00:53:851,0.685,0.206,0.855,-162.659,94.116,57.8,
00:00:53:867,0.582,0.232,0.757,-135.01,78.002,48.645,
00:00:53:884,0.603,0.23,0.741,-102.662,112.732,36.804,
00:00:53:901,0.562,0.183,0.896,-74.524,125.549,40.527,
00:00:53:917,0.464,0.186,0.856,-122.62,53.466,84.594,
00:00:53:934,0.445,0.184,0.761,-162.354,55.847,101.623,
00:00:53:951,0.398,0.2,0.824,-244.751,109.253,132.568,
00:00:53:967,0.516,0.272,0.929,-261.414,117.981,155.517,
00:00:53:984,0.646,0.224,0.958,-153.504,85.571,163.696,
00:00:54:1,0.674,0.206,0.85,-75.928,11.169,143.982,
00:00:54:17,0.688,0.15,0.674,31.677,-85.022,142.944,
00:00:54:34,0.742,0.171,0.769,12.146,-139.344,125.793,
00:00:54:51,0.917,0.162,0.901,50.354,-174.378,90.393,
00:00:54:67,0.96,0.168,0.873,82.031,-228.333,57.922,
00:00:54:84,0.954,0.147,0.798,83.19,-279.969,10.742,
00:00:54:101,0.952,0.19,0.711,30.09,-343.873,-52.002,
00:00:54:117,0.91,0.202,0.681,-27.71,-413.147,-125.428,
00:00:54:134,0.818,0.263,0.565,-119.08,-454.651,-181.58,
00:00:54:151,0.732,0.252,0.58,-128.296,-406.739,-252.198,
00:00:54:167,0.647,0.208,0.598,-146.18,-382.63,-317.505,
00:00:54:184,0.571,0.191,0.653,-136.475,-329.163,-364.136,
00:00:54:201,0.478,0.177,0.659,-45.655,-275.94,-399.292,
00:00:54:217,0.337,0.186,0.639,18.554,-213.99,-434.205,
00:00:54:234,0.199,0.094,0.581,-58.411,-131.287,-418.274,
00:00:54:251,0.166,0.245,0.625,-216.736,-111.084,-352.601,
00:00:54:267,0.112,0.28,0.762,-164.246,-50.415,-334.717,
00:00:54:284,0.134,0.282,0.776,-89.905,-0.245,-309.144,
00:00:54:301,0.092,0.312,0.791,-65.125,37.292,-285.645,
00:00:54:317,0.059,0.327,0.81,-61.158,125.549,-253.968,
00:00:54:334,0.083,0.513,0.874,-91.919,114.257,-213.501,
00:00:54:351,0.083,0.464,0.897,-129.517,164.55,-153.443,
00:00:54:367,0.12,0.478,0.907,-155.945,147.522,-86.976,
00:00:54:384,0.178,0.399,0.925,-117.127,170.227,-81.665,
00:00:54:401,0.249,0.27,0.914,-185.547,148.132,-44.861,
00:00:54:417,0.377,0.463,1.001,-262.146,124.755,-6.348,
00:00:54:434,0.397,0.393,0.98,-175.965,139.099,-1.221,
00:00:54:451,0.402,0.437,0.95,-180.42,131.103,24.78,
00:00:54:467,0.395,0.424,0.846,-190.857,155.212,52.856,
00:00:54:484,0.4,0.296,0.821,-233.704,136.963,70.678,
00:00:54:501,0.475,0.258,0.845,-181.336,174.011,48.156,
00:00:54:517,0.495,0.384,0.768,-185.059,134.643,53.711,
00:00:54:534,0.468,0.368,0.722,-95.337,142.273,15.075,
00:00:54:551,0.477,0.414,0.671,-104.248,118.225,3.723,
00:00:54:567,0.487,0.429,0.678,-146.363,121.704,11.047,
00:00:54:584,0.498,0.392,0.739,-147.95,117.492,10.681,
00:00:54:601,0.491,0.355,0.722,-70.008,132.568,-16.114,
00:00:54:617,0.665,0.328,0.912,81.726,16.967,-106.751,
00:00:54:634,0.562,-0.129,1.083,-9.156,6.836,-100.464,
00:00:54:651,0.386,0.105,1.011,-103.089,45.959,-119.446,
00:00:54:667,0.406,0.081,0.603,-8.728,125.61,-171.692,
00:00:54:684,0.391,0.569,0.758,75.561,-8.851,-191.651,
00:00:54:701,0.181,0.548,0.667,249.878,29.48,-143.677,
00:00:54:717,0.343,0.278,0.807,250.061,119.812,-171.692,
00:00:54:734,0.552,0.265,1.02,86.853,98.693,-185.303,
00:00:54:751,0.517,0.38,1.164,-55.176,51.269,-160.645,
00:00:54:767,0.455,0.523,1.036,-49.012,18.676,-107.361,
00:00:54:784,0.611,0.185,0.775,43.151,111.511,-174.622,
00:00:54:801,0.709,0.335,0.948,-164.551,54.26,-162.171,
00:00:54:817,0.738,0.342,0.978,-131.836,71.228,-115.54,
00:00:54:834,0.741,0.321,0.821,-153.077,66.894,-99.488,
00:00:54:851,0.663,0.301,0.688,-132.019,80.078,-89.356,
00:00:54:867,0.681,0.314,0.754,-214.966,91.796,-56.946,
00:00:54:884,0.602,0.298,0.756,-142.701,108.703,-22.95,
00:00:54:901,0.542,0.275,0.642,-64.087,86.425,-4.578,
00:00:54:917,0.507,0.253,0.557,-35.401,77.514,-1.465,
00:00:54:934,0.504,0.255,0.55,-118.958,36.01,8.544,
00:00:54:951,0.476,0.415,0.781,-74.585,60.363,-3.357,
00:00:54:967,0.546,0.424,0.992,-61.646,71.472,17.15,
00:00:54:984,0.545,0.384,1.05,-66.468,91.43,82.031,
00:00:55:1,0.579,0.284,0.932,-99.61,85.937,139.343,
00:00:55:17,0.62,0.233,0.747,-131.958,80.566,152.771,
00:00:55:34,0.58,0.265,0.687,-130.738,93.383,132.69,
00:00:55:51,0.644,0.383,0.616,-151.307,113.769,107.422,
00:00:55:67,0.675,0.404,0.604,-156.556,119.751,88.623,
00:00:55:84,0.651,0.482,0.516,-196.045,91.186,102.478,
00:00:55:101,0.687,0.321,0.574,-179.2,77.453,102.478,
00:00:55:117,0.689,0.328,0.599,-164.124,51.025,84.35,
00:00:55:134,0.682,0.416,0.643,-91.004,84.228,95.52,
00:00:55:151,0.738,0.366,0.637,-7.752,62.927,127.014,
00:00:55:167,0.756,0.359,0.562,101.745,22.705,142.517,
00:00:55:184,0.983,0.485,0.57,285.4,-119.019,162.109,
00:00:55:201,1.02,0.41,0.774,377.197,-368.164,166.809,
00:00:55:217,1.037,0.325,0.69,345.703,-466.797,174.011,
00:00:55:234,0.96,0.223,0.789,362.548,-492.188,120.178,
00:00:55:251,0.922,0.092,0.678,287.719,-463.318,43.884,
00:00:55:267,0.828,0.211,0.645,73.974,-382.386,-56.58,
00:00:55:284,0.826,0.304,0.588,-2.625,-305.726,-131.348,
00:00:55:301,0.797,0.27,0.503,41.076,-267.395,-205.872,
00:00:55:317,0.746,0.176,0.498,138.427,-255.372,-280.884,
00:00:55:334,0.737,0.076,0.584,274.963,-229.065,-342.347,
00:00:55:351,0.726,0.048,0.562,248.291,-211.121,-387.452,
00:00:55:367,0.633,0.099,0.412,-60.914,-190.735,-366.15,
00:00:55:384,0.61,0.36,0.382,-255.494,-226.929,-358.277,
00:00:55:401,0.591,0.474,0.409,-182.496,-279.786,-378.479,
00:00:55:417,0.504,0.463,0.531,120.971,-265.87,-432.435,
00:00:55:434,0.459,0.281,0.659,474.365,-196.961,-445.435,
00:00:55:451,0.404,0.092,0.708,496.215,-180.603,-444.947,
00:00:55:467,0.248,0.041,0.731,273.803,-97.107,-398.926,
00:00:55:484,0.145,0.255,0.725,-11.231,-48.768,-311.28,
00:00:55:501,0.077,0.488,0.825,76.477,14.343,-262.024,
00:00:55:517,0.094,0.407,0.884,317.138,70.129,-159.913,
00:00:55:534,0.048,0.349,0.874,368.53,113.647,-135.071,
00:00:55:551,0.03,0.359,0.909,381.347,133.056,-89.783,
00:00:55:567,0.048,0.36,0.935,324.463,131.042,-60.425,
00:00:55:584,0.04,0.419,1.016,237.121,118.347,-25.269,
00:00:55:601,0.094,0.428,1.076,238.342,147.888,-10.132,
00:00:55:617,0.145,0.365,1.079,267.517,128.723,10.315,
00:00:55:634,0.153,0.362,0.964,253.784,108.764,-52.552,
00:00:55:651,0.2,0.27,0.906,322.082,42.663,-84.046,
00:00:55:667,0.19,0.172,0.97,418.579,-6.348,-117.432,
00:00:55:684,0.217,0.114,1.039,495.239,18.981,-130.249,
00:00:55:701,0.159,-0.045,0.931,562.5,121.032,-135.865,
00:00:55:717,0.707,-0.353,1.053,279.724,-70.557,-118.714,
00:00:55:734,0.861,0.125,1.89,-148.499,-440.918,-57.496,
00:00:55:751,0.221,0.555,1.199,394.348,-179.444,12.023,
00:00:55:767,0.528,-0.095,1.133,585.632,-93.384,-7.752,
00:00:55:784,0.462,-0.092,1.019,254.577,-20.569,12.451,
00:00:55:801,0.49,0.127,0.907,213.623,-32.105,30.395,
00:00:55:817,0.352,-0.198,0.782,67.382,-23.438,25.756,
00:00:55:834,0.316,-0.086,1.086,-82.825,58.227,16.662,
00:00:55:851,0.405,0.19,1.189,23.437,83.129,-45.533,
00:00:55:867,0.402,0.242,1.095,87.158,44.128,-31.25,
00:00:55:884,0.287,0.133,0.728,119.812,38.818,-17.518,
00:00:55:901,0.226,-0.177,0.681,9.155,132.202,6.713,
00:00:55:917,0.52,0.072,0.791,156.433,159.912,-82.337,
00:00:55:934,0.476,-0.31,0.348,11.962,141.235,-76.661,
00:00:55:951,0.272,-0.183,0.437,-388.611,166.381,-98.328,
00:00:55:967,0.64,0.269,1.084,-412.72,274.17,-76.111,
00:00:55:984,0.593,0.078,1.584,-311.585,209.106,-18.982,
00:00:56:1,0.347,0.265,1.013,23.132,54.687,14.587,
00:00:56:17,-0.003,-0.188,0.335,77.697,20.507,84.045,
00:00:56:34,0.254,-0.157,0.531,-322.266,49.682,119.262,
00:00:56:51,0.507,0.158,1.005,-204.651,41.992,99.06,
00:00:56:67,0.608,0.031,1.276,-114.014,25.207,55.481,
00:00:56:84,0.539,0.154,0.976,-2.686,-39.063,70.678,
00:00:56:101,0.368,0.116,0.524,19.409,-4.151,86.669,
00:00:56:117,0.543,-0.018,0.559,-90.271,44.372,88.562,
00:00:56:134,0.75,0.066,1.058,-237.915,127.746,56.518,
00:00:56:151,0.872,0.18,1.17,-190.125,128.906,34.79,
00:00:56:167,0.687,0.257,0.79,-19.654,102.722,86.486,
00:00:56:184,0.576,-0.059,0.508,100.341,84.961,90.576,
00:00:56:201,0.526,-0.193,0.643,-103.15,129.821,25.756,
00:00:56:217,0.468,0.388,1.09,-13.916,76.416,200.439,
00:00:56:234,0.218,0.035,0.974,202.942,15.747,313.659,
00:00:56:251,0.114,-0.047,0.886,212.585,-53.589,348.877,
00:00:56:267,0.209,0.169,0.538,-90.455,-29.725,413.879,
00:00:56:284,0.485,0.201,0.605,-249.756,2.197,353.576,
00:00:56:301,0.759,0.267,0.987,-431.275,-28.138,316.345,
00:00:56:317,1.01,0.218,1.244,-297.364,36.865,288.391,
00:00:56:334,1.038,0.134,1.091,-139.893,-2.442,253.173,
00:00:56:351,0.923,0.287,0.691,-23.255,-45.655,224.304,
00:00:56:367,0.889,0.25,0.455,141.357,-72.083,170.898,
00:00:56:384,0.826,0.19,0.374,271.728,-114.747,109.008,rollLH
00:00:56:401,0.786,0.123,0.444,255.371,-182.984,32.348,
00:00:56:417,0.866,0.109,0.634,113.464,-272.034,-2.32,
00:00:56:434,0.79,0.188,0.807,68.542,-308.35,-59.693,
00:00:56:451,0.807,0.119,0.859,188.72,-307.984,-132.019,
00:00:56:467,0.778,0.061,0.92,239.441,-276.062,-178.833,
00:00:56:484,0.773,0.031,0.847,197.326,-263.001,-183.655,
00:00:56:501,0.733,0.064,0.739,112.487,-238.038,-178.162,
00:00:56:517,0.723,0.112,0.676,57.373,-214.722,-191.407,
00:00:56:534,0.663,0.091,0.581,7.568,-218.811,-230.469,
00:00:56:551,0.596,0.107,0.591,-31.556,-186.341,-267.762,
00:00:56:567,0.597,0.155,0.586,-26.307,-162.293,-294.8,
00:00:56:584,0.518,0.162,0.626,23.376,-127.198,-338.929,
00:00:56:601,0.321,0.029,0.752,-36.866,-30.03,-293.457,
00:00:56:617,0.265,0.061,0.861,-25.208,19.897,-284.729,
00:00:56:634,0.244,0.067,0.876,-20.569,43.151,-260.926,
00:00:56:651,0.165,0.123,0.927,-82.581,74.279,-238.77,
00:00:56:667,0.147,0.235,0.978,-17.579,88.684,-193.665,
00:00:56:684,0.07,0.239,1.002,141.113,146.24,-104.126,
00:00:56:701,0.072,0.258,0.991,47.729,145.08,-35.523,
00:00:56:717,0.092,0.225,1.049,-6.836,130.92,7.385,
00:00:56:734,0.115,0.19,1.045,-1.038,108.703,23.376,
00:00:56:751,0.104,0.111,1.055,48.889,129.516,13.183,
00:00:56:767,0.203,0.082,1.032,92.468,132.69,19.958,
00:00:56:784,0.194,0.032,0.971,69.885,159.79,17.15,
00:00:56:801,0.215,-0.022,0.842,-30.823,221.252,44.372,
00:00:56:817,0.233,0.051,0.514,-131.348,317.81,35.705,
00:00:56:834,1.065,-0.198,1.693,-336.67,-210.572,52.856,
00:00:56:851,0.369,0.38,1.266,-385.743,-103.028,-36.377,
00:00:56:867,0.67,0.14,1.343,-64.82,-109.436,20.874,
00:00:56:884,0.306,0.455,1.116,81.42,-115.357,-62.073,
00:00:56:901,0.073,0.183,0.738,238.952,-33.875,-20.386,
00:00:56:917,0.004,0.042,0.654,11.535,10.07,-9.949,
00:00:56:934,0.156,0,0.676,-125.367,80.81,-8.057,
00:00:56:951,0.314,0.132,1.012,-207.276,100.769,-52.185,
00:00:56:967,0.369,0.25,1.277,-124.573,67.199,-68.116,
00:00:56:984,0.345,0.298,1.307,28.076,4.516,-39.368,
00:00:57:1,0.303,0.147,1.051,137.024,-5.494,-20.997,
00:00:57:17,0.169,0.037,0.697,60.058,18.432,1.892,
00:00:57:34,0.235,0.098,0.519,-15.992,105.407,-19.288,
00:00:57:51,0.405,0.252,0.777,-14.954,116.333,-26.307,
00:00:57:67,0.479,0.104,0.984,65.918,77.514,-19.227,
00:00:57:84,0.488,0.002,0.976,63.354,33.447,-19.654,
00:00:57:101,0.343,0.093,0.864,12.573,58.898,-32.593,
00:00:57:117,0.407,0.126,0.88,-3.235,121.338,5.554,
00:00:57:134,0.607,-0.034,0.989,-55.237,121.704,26.428,
00:00:57:151,0.603,0.116,0.884,-41.321,88.867,21.179,
00:00:57:167,0.561,0.098,0.821,23.437,82.336,-21.668,
00:00:57:184,0.557,-0.039,0.805,-25.33,102.661,-21.607,
00:00:57:201,0.658,0.076,0.796,-77.454,73.974,-2.93,
00:00:57:217,0.641,0.058,0.694,-59.021,71.899,-6.775,
00:00:57:234,0.68,0.002,0.776,-80.201,95.825,-13.672,
00:00:57:251,0.661,0.023,0.859,-70.496,77.026,-13.245,
00:00:57:267,0.572,0.036,0.835,-12.085,55.603,4.943,
00:00:57:284,0.426,0.038,0.689,3.601,36.987,35.461,
00:00:57:301,0.48,0.04,0.752,-54.81,45.166,50.293,
00:00:57:317,0.53,0.125,0.911,-125.672,9.155,67.138,
00:00:57:334,0.58,0.109,0.881,-201.477,29.174,64.453,
00:00:57:351,0.585,0.152,0.863,-230.469,40.893,80.444,
00:00:57:367,0.613,0.113,0.851,-251.16,40.71,76.904,
00:00:57:384,0.636,0.129,0.942,-214.844,49.255,74.646,
00:00:57:401,0.317,0.251,0.706,-140.076,106.384,136.474,
00:00:57:417,0.453,0.088,0.801,-181.031,139.77,189.209,
00:00:57:434,0.592,0.152,0.907,-164.063,57.312,221.069,
00:00:57:451,0.659,0.137,0.903,-39.795,-6.348,225.219,
00:00:57:467,0.666,0.054,0.842,3.906,9.521,236.267,
00:00:57:484,0.721,0.215,0.657,6.897,16.723,258.422,
00:00:57:501,0.872,0.235,0.59,155.334,-13.428,218.628,
00:00:57:517,0.935,0.298,0.6,257.08,-129.334,148.193,
00:00:57:534,1.091,0.136,0.852,336.486,-306.824,103.332,
00:00:57:551,1.131,0.056,0.947,276.672,-453.431,52.185,
00:00:57:567,1.047,0.129,0.853,185.119,-558.289,2.502,
00:00:57:584,0.936,0.213,0.834,158.63,-587.098,-59.998,
00:00:57:601,0.832,0.152,0.792,181.64,-528.809,-109.131,
00:00:57:617,0.758,0.095,0.713,132.995,-458.985,-162.293,
00:00:57:634,0.695,0.075,0.646,57.251,-404.175,-194.275,
00:00:57:651,0.647,0.081,0.612,60.607,-343.018,-227.356,
00:00:57:667,0.618,0.099,0.623,103.881,-295.716,-275.574,
00:00:57:684,0.573,0.071,0.636,134.338,-253.113,-305.909,
00:00:57:701,0.507,0.059,0.603,95.825,-203.858,-328.064,
00:00:57:717,0.422,0.06,0.604,-27.405,-161.866,-327.454,
00:00:57:734,0.391,0.097,0.611,-109.436,-120.24,-306.336,
00:00:57:751,0.359,0.006,0.666,-81.116,-61.585,-269.593,
00:00:57:767,0.307,-0.034,0.772,-76.172,-48.584,-258.24,
00:00:57:784,0.238,-0.059,0.89,-35.096,9.399,-257.081,
00:00:57:801,0.216,0.014,0.905,26.367,43.579,-242.127,
00:00:57:817,0.15,0.127,0.831,91.919,67.749,-194.703,
00:00:57:834,0.114,0.273,0.818,155.822,75.317,-157.41,
00:00:57:851,0.078,0.226,0.854,190.612,61.645,-100.769,
00:00:57:867,-0.034,0.156,0.88,140.625,76.171,-67.322,
00:00:57:884,-0.108,0.228,0.96,70.251,97.229,-19.593,
00:00:57:901,-0.06,0.376,1.009,92.285,123.413,16.601,
00:00:57:917,-0.017,0.345,1.037,178.039,142.028,65.063,
00:00:57:934,0.016,0.254,1.077,243.896,143.127,106.628,
00:00:57:951,-0.016,0.174,1.071,155.456,157.043,132.019,
00:00:57:967,0.03,0.208,1.05,1.22,161.071,170.959,
00:00:57:984,0.021,0.321,1.084,4.15,150.695,152.16,
00:00:58:1,0.056,0.209,1.093,131.591,157.776,97.534,
00:00:58:17,0.076,0.079,1.109,177.368,161.193,53.344,
00:00:58:34,0.131,0.016,1.086,131.347,199.401,32.47,
00:00:58:51,0.199,0.122,1.005,53.588,211.792,15.319,
00:00:58:67,0.275,0.157,0.956,27.893,255.676,-32.044,
00:00:58:84,0.359,0.303,0.921,-6.409,303.833,-136.658,
00:00:58:101,0.856,-0.127,1.527,-33.448,2.746,-277.039,
00:00:58:117,0.487,-0.052,1.477,-104.615,-59.754,-123.291,
00:00:58:134,0.421,-0.066,1.164,298.523,29.968,-213.562,
00:00:58:151,0.515,-0.149,0.907,606.872,-52.857,-256.592,
00:00:58:167,0.314,-0.163,0.672,634.887,-92.469,-240.54,
00:00:58:184,0.509,-0.105,0.869,50.293,-35.645,-69.397,
00:00:58:201,0.644,-0.18,1.327,-85.511,-104.981,-35.157,
00:00:58:217,0.309,0.197,1.003,119.262,39.611,-62.989,
00:00:58:234,0.679,-0.22,1.047,141.052,42.175,-9.034,
00:00:58:251,0.232,0.158,0.811,93.322,49.743,-72.815,
00:00:58:267,0.406,-0.241,0.79,-25.33,98.388,-12.635,
00:00:58:284,0.279,-0.212,0.982,-278.931,126.22,-34.607,
00:00:58:301,0.527,0.002,1.144,-197.51,137.634,-46.387,
00:00:58:317,0.401,0.022,1.091,-96.253,55.542,-80.628,
00:00:58:334,0.285,-0.069,0.867,-63.111,45.776,-56.519,
00:00:58:351,0.283,-0.062,0.64,-184.754,36.743,-23.926,
00:00:58:367,0.317,0.026,0.573,-339.783,19.104,13,
00:00:58:384,0.205,-0.006,0.961,-379.151,74.462,-16.358,
00:00:58:401,0.567,0.018,1.388,-261.902,91.186,20.446,
00:00:58:417,0.52,-0.053,1.271,-123.658,-16.663,17.822,
00:00:58:434,0.417,-0.07,0.77,-77.82,-28.016,24.231,
00:00:58:451,0.331,0.232,0.416,-37.659,-6.165,-4.456,
00:00:58:467,0.315,-0.001,0.41,-100.953,46.508,2.075,
00:00:58:484,0.462,0.037,0.957,-247.498,114.257,-33.936,
00:00:58:501,0.719,-0.018,1.34,-72.266,114.99,-52.063,
00:00:58:517,0.464,0.237,1.082,-9.827,6.836,-91.004,
00:00:58:534,0.311,0.013,0.762,160.095,61.828,-91.187,
00:00:58:551,0.343,-0.123,0.655,-4.761,46.691,-33.814,
00:00:58:567,0.328,0.029,0.686,-65.125,30.883,-14.1,
00:00:58:584,0.41,0.062,1.121,-15.625,97.595,-28.077,
00:00:58:601,0.563,-0.048,1.233,16.418,40.039,-22.95,
00:00:58:617,0.37,0.146,0.88,38.269,-12.513,-23.926,
00:00:58:634,0.262,0.15,0.678,153.991,11.84,-33.448,
00:00:58:651,0.366,-0.207,0.818,6.225,29.968,10.437,
00:00:58:667,0.441,0.012,1.02,-86.976,23.864,35.217,
00:00:58:684,0.47,0.04,0.957,-6.775,17.578,25.512,
00:00:58:701,0.368,0.13,0.89,27.893,8.3,-12.574,
00:00:58:717,0.301,0.036,0.947,64.941,47.851,-4.212,
00:00:58:734,0.387,-0.084,0.964,32.287,34.851,22.522,
00:00:58:751,0.24,-0.038,0.941,-96.314,35.156,27.343,
00:00:58:767,0.331,0.283,0.925,-63.111,40.588,56.213,
00:00:58:784,0.364,0.061,0.86,5.676,38.269,54.87,
00:00:58:801,0.486,0.034,0.886,50.72,43.212,42.236,
00:00:58:817,0.547,-0.019,0.899,26.306,23.925,2.563,
00:00:58:834,0.567,-0.148,0.927,-20.874,67.871,16.601,
00:00:58:851,0.6,0.043,0.991,-96.07,43.823,10.07,
00:00:58:867,0.539,-0.035,0.772,-54.2,10.376,25.878,
00:00:58:884,0.365,0.051,0.627,24.475,38.208,30.334,
00:00:58:901,0.383,0.035,0.858,-38.147,69.03,48.584,
00:00:58:917,0.467,-0.007,1.129,-73.365,96.496,85.815,
00:00:58:934,0.463,0.058,1.133,-114.197,27.771,115.051,
00:00:58:951,0.35,0.044,0.965,-106.08,22.399,127.685,
00:00:58:967,0.267,0.112,0.828,-56.702,53.527,135.009,
00:00:58:984,0.247,-0.099,0.89,-91.858,87.829,145.935,
00:00:59:1,0.295,0.014,0.947,-180.359,112.06,174.011,
00:00:59:17,0.34,-0.042,0.892,-281.983,130.92,206.237,
00:00:59:34,0.385,-0.031,0.889,-335.938,167.236,197.937,
00:00:59:51,0.561,0.092,0.859,-315.308,92.895,171.936,
00:00:59:67,0.577,0.366,1.127,-264.405,91.857,146.911,
00:00:59:84,0.76,0.305,1.081,-43.824,83.068,177.795,
00:00:59:101,0.728,0.132,0.824,35.705,123.352,149.231,
00:00:59:117,0.866,-0.005,0.603,-0.245,129.333,103.21,
00:00:59:134,0.837,0.021,0.447,-139.039,136.291,70.129,
00:00:59:151,0.894,0.001,0.492,-170.716,151.489,27.893,
00:00:59:167,0.943,-0.031,0.615,-136.231,91.674,-49.622,
00:00:59:184,1.116,-0.017,0.579,-38.636,-14.283,-90.882,
00:00:59:201,0.883,0.136,0.682,14.892,-136.658,-134.522,
00:00:59:217,1.132,0.059,0.737,124.267,-281.678,-123.719,
00:00:59:234,0.967,0.016,0.736,71.228,-433.167,-153.504,
00:00:59:251,0.902,-0.015,0.759,139.831,-493.409,-164.795,
00:00:59:267,0.83,-0.051,0.764,164.734,-552.308,-193.848,
00:00:59:284,0.701,-0.115,0.777,129.943,-534.546,-237.366,
00:00:59:301,0.617,-0.06,0.835,27.038,-510.682,-259.766,
00:00:59:317,0.553,0.03,0.852,22.461,-447.388,-270.752,
00:00:59:334,0.47,0.079,0.761,58.349,-400.757,-266.419,
00:00:59:351,0.368,0.067,0.753,126.037,-361.878,-275.818,
00:00:59:367,0.251,0.013,0.745,113.159,-283.875,-267.151,
00:00:59:384,0.104,0.116,0.849,-1.526,-94.3,-203.675,
00:00:59:401,0.114,0.153,0.899,4.028,-19.898,-217.164,
00:00:59:417,0.066,0.166,0.972,66.833,35.034,-211.304,
00:00:59:434,0.09,0.109,0.943,130.371,87.341,-161.377,
00:00:59:451,0.109,0.083,0.901,152.343,96.801,-112.366,
00:00:59:467,0.093,0.115,0.82,154.358,86.12,-91.553,
00:00:59:484,0.095,0.043,0.831,116.455,45.227,-71.045,
00:00:59:501,0.114,0.146,0.812,5.615,19.531,-14.893,
00:00:59:517,0.12,0.238,0.914,-27.283,9.277,-5.494,
00:00:59:534,0.124,0.029,0.974,26.306,20.141,-12.269,
00:00:59:551,0.171,0.037,1.068,62.133,35.644,-22.339,
00:00:59:567,0.131,-0.037,0.974,76.11,80.261,-54.383,
00:00:59:584,0.273,0.091,0.994,-174.744,114.99,67.565,
00:00:59:601,0.289,0.166,1.014,-157.776,128.601,54.992,
00:00:59:617,0.325,0.054,1.076,-143.128,162.414,3.418,
00:00:59:634,0.332,0.046,1.031,-222.107,175.903,-4.09,
00:00:59:651,0.351,0.1,0.986,-223.999,179.138,-19.104,
00:00:59:667,0.348,0.123,0.914,-342.286,93.994,-50.477,
00:00:59:684,0.386,0.123,0.985,-88.196,105.468,-83.558,
00:00:59:701,0.357,-0.076,0.757,-418.03,59.387,-20.691,
00:00:59:717,0.333,0.178,0.877,-481.995,-4.395,-20.02,
00:00:59:734,0.325,0.133,0.799,-503.907,56.396,-18.86,
00:00:59:751,0.318,0.248,0.773,-462.525,78.186,-35.889,
00:00:59:767,0.239,0.202,0.699,-285.218,175.537,-105.713,
00:00:59:784,0.578,0.061,0.949,-427.552,-26.49,-85.877,
00:00:59:801,0.345,0.234,1.089,-342.896,-97.657,-148.987,
00:00:59:817,0.495,0.225,1.313,-154.297,-183.411,-136.658,
00:00:59:834,0.26,0.252,1.168,234.13,-43.519,-139.405,
00:00:59:851,0.464,-0.015,1.142,380.554,-116.211,-147.95,
00:00:59:867,0.366,0.145,1.05,433.105,-170.838,-171.448,
00:00:59:884,0.374,0.253,0.841,482.971,-189.087,-135.743,
00:00:59:901,0.332,0.225,0.728,435.485,-130.127,-114.991,
00:00:59:917,0.357,0.139,0.823,356.689,-64.515,-143.86,
00:00:59:934,0.392,0.023,1.114,312.561,-18.738,-195.435,
00:00:59:951,0.557,0.116,1.105,427.185,-122.437,-229.92,
00:00:59:967,0.346,0.254,1.086,587.036,-207.215,-262.94,
00:00:59:984,0.237,-0.102,0.872,492.614,-56.275,-121.644,
00:01:00:1,0.228,0.038,0.749,266.906,-42.298,-134.827,
00:01:00:17,0.198,0.086,0.855,181.274,21.057,-129.639,
00:01:00:34,0.365,-0.183,0.988,70.495,42.541,-97.535,
00:01:00:51,0.356,-0.193,1.033,-19.898,-21.363,-104.981,
00:01:00:67,0.339,-0.034,1.045,0.793,-46.753,-119.751,
00:01:00:84,0.357,0.062,1.016,64.88,-24.476,-112.183,
00:01:00:101,0.337,-0.01,0.851,100.83,-37.537,-84.595,
00:01:00:117,0.315,-0.092,0.706,24.231,-27.1,-92.774,
00:01:00:134,0.31,-0.199,0.9,-167.298,7.08,-71.045,
00:01:00:151,0.362,-0.172,1.092,-166.199,-47.364,-76.233,
00:01:00:167,0.346,0.048,1.013,-88.868,-116.944,-27.1,
00:01:00:184,0.267,0.123,0.98,-3.357,-82.398,-20.691,
00:01:00:201,0.192,0.21,1.057,-13.794,-26.368,13.671,
00:01:00:217,0.23,-0.023,1.066,48.706,-46.631,12.756,
00:01:00:234,0.332,-0.154,0.844,72.143,-102.723,15.869,
00:01:00:251,0.272,0.035,0.82,-27.832,-71.656,-6.348,
00:01:00:267,0.331,0.089,0.977,-77.454,15.014,-30.274,
00:01:00:284,0.26,-0.02,1.127,-92.591,27.648,-32.044,
00:01:00:301,0.366,0.04,1.078,-24.537,31.494,-59.449,
00:01:00:317,0.346,0.092,0.956,-24.17,92.224,-48.218,
00:01:00:334,0.343,-0.182,0.87,63.232,119.629,-28.87,
00:01:00:351,0.353,-0.221,0.766,74.707,43.151,-1.038,
00:01:00:367,0.378,-0.163,0.793,-49.988,51.879,-18.677,
00:01:00:384,0.405,-0.045,0.847,-54.749,-5.127,6.713,
00:01:00:401,0.381,-0.122,0.82,13,-36.072,13.732,
00:01:00:417,0.341,-0.05,0.828,-4.639,-59.815,23.62,
00:01:00:434,0.403,-0.095,0.936,-60.486,-54.566,9.887,
00:01:00:451,0.375,-0.151,1.056,-45.777,-48.279,8.667,
00:01:00:467,0.439,-0.168,0.945,-37.293,-72.449,17.578,
00:01:00:484,0.381,0.075,0.787,-30.091,-65.674,11.352,
00:01:00:501,0.333,-0.098,0.857,-49.195,-10.132,-21.302,
00:01:00:517,0.336,0.143,1.006,-126.893,-18.372,-25.33,
00:01:00:534,0.199,-0.152,1.142,-117.859,41.198,-35.157,
00:01:00:551,0.337,-0.001,1.151,-122.742,-0.428,-5.249,
00:01:00:567,0.292,0.062,0.905,13.671,3.418,1.342,
00:01:00:584,0.216,0.028,0.869,-51.209,26.855,27.343,
00:01:00:601,0.169,-0.05,1.001,-75.318,19.104,9.704,
00:01:00:617,0.302,0.094,1.2,-177.735,23.376,10.07,
00:01:00:634,0.295,-0.027,1.163,-79.895,3.662,18.737,
00:01:00:651,0.316,-0.018,0.889,25.695,-15.564,21.301,
00:01:00:667,0.134,0.223,0.608,11.413,-38.575,20.446,
00:01:00:684,0.085,0.037,0.808,-124.329,62.927,23.01,
00:01:00:701,0.219,-0.119,1.064,-212.281,62.133,25.817,
00:01:00:717,0.357,0.059,1.122,-214.6,54.321,34.851,
00:01:00:734,0.305,0.058,1.042,-106.202,53.772,61.706,
00:01:00:751,0.12,0.102,0.893,-40.65,48.4,51.574,
00:01:00:767,0.198,0.236,0.735,-19.043,66.894,74.279,
00:01:00:784,0.197,0.048,0.668,-120.85,164.306,71.96,
00:01:00:801,0.345,-0.103,0.989,-349.732,239.929,24.719,
00:01:00:817,0.451,0.294,1.376,-420.533,247.253,34.912,
00:01:00:834,0.416,-0.075,1.366,-154.358,306.518,62.988,
00:01:00:851,0.455,0.048,1.02,-108.338,244.323,86.975,
00:01:00:867,0.496,-0.016,0.752,35.095,261.963,89.843,
00:01:00:884,0.493,-0.25,0.587,-0.672,212.097,61.706,
00:01:00:901,0.432,0.215,0.501,-266.541,133.239,55.664,
00:01:00:917,0.372,0.145,0.937,-243.714,283.63,83.74,
00:01:00:934,0.512,0.067,1.272,-161.072,283.752,138.488,
00:01:00:951,0.391,0.225,1.137,65.002,278.381,163.696,
00:01:00:967,0.426,0.029,1.01,107.666,300.109,250.305,
00:01:00:984,0.43,-0.109,1.02,-85.999,252.746,281.067,
00:01:01:1,0.446,-0.026,0.917,-156.25,168.64,310.608,
00:01:01:17,0.416,-0.006,0.736,-211.853,136.474,285.949,
00:01:01:34,0.408,0.236,0.777,-271.119,198.791,277.526,
00:01:01:51,0.495,0.275,0.757,-227.478,231.811,264.831,
00:01:01:67,0.456,0.399,0.784,-144.288,268.615,237.182,
00:01:01:84,0.543,0.429,0.805,89.782,325.683,191.894,
00:01:01:101,0.784,0.103,0.865,284.668,252.38,184.997,
00:01:01:117,0.855,-0.046,0.878,380.554,165.588,158.447,
00:01:01:134,0.908,-0.132,0.706,463.012,169.372,125.915,
00:01:01:151,0.941,-0.015,0.641,505.066,109.436,70.373,
00:01:01:167,0.944,-0.027,0.495,478.332,140.258,18.371,
00:01:01:184,1.116,0.047,0.501,322.265,18.737,-83.435,
00:01:01:201,1.064,0.126,0.613,313.476,-140.564,-113.831,
00:01:01:217,1.069,0.012,0.648,371.276,-257.874,-143.86,
00:01:01:234,0.984,-0.106,0.693,366.699,-331.543,-191.895,
00:01:01:251,0.922,-0.204,0.738,321.899,-367.371,-232.117,
00:01:01:267,0.819,-0.24,0.792,234.924,-373.841,-266.236,
00:01:01:284,0.764,-0.221,0.783,192.26,-356.141,-280.213,
00:01:01:301,0.704,-0.233,0.729,123.596,-335.755,-278.626,
00:01:01:317,0.604,-0.142,0.636,13.488,-341.004,-289.551,
00:01:01:334,0.491,-0.1,0.704,-81.543,-320.801,-313.599,
00:01:01:351,0.452,-0.123,0.755,-78.919,-303.894,-326.111,
00:01:01:367,0.365,-0.118,0.857,-103.394,-277.832,-322.937,
00:01:01:384,0.297,-0.115,0.897,-77.393,-258.851,-312.989,
00:01:01:401,0.207,-0.035,0.881,-49.317,-233.521,-287.659,
00:01:01:417,0.078,0.055,0.881,-9.705,-208.863,-254.578,
00:01:01:434,0.018,0.128,0.875,50.842,-165.894,-227.478,
00:01:01:451,-0.004,0.139,0.827,41.32,-157.776,-190.735,
00:01:01:467,-0.075,0.134,0.86,-31.067,-107.727,-149.781,
00:01:01:484,-0.087,0.127,0.891,-70.008,-68.299,-102.234,
00:01:01:501,-0.106,0.182,0.961,-37.293,-16.175,-95.887,
00:01:01:517,-0.13,0.166,0.985,-23.377,52.856,-76.966,
00:01:01:534,-0.097,0.215,0.998,-49.012,109.192,-57.312,
00:01:01:551,-0.046,0.272,1.014,19.653,151.672,-45.105,
00:01:01:567,0.035,0.263,0.968,190.673,187.561,-74.646,
00:01:01:584,0.121,0.24,0.939,267.883,156.677,-16.114,
00:01:01:601,0.086,-0.116,0.978,269.165,208.557,-86.609,
00:01:01:617,0.204,0.022,0.989,101.013,200.073,-20.813,
00:01:01:634,0.269,0.038,0.987,41.992,191.772,-3.357,
00:01:01:651,0.295,0.004,1.015,11.108,180.603,-13.123,
00:01:01:667,0.355,0.095,1.056,51.391,190.612,-32.654,
00:01:01:684,0.394,0.021,1.024,144.287,188.598,-43.396,
00:01:01:701,0.39,-0.029,0.943,143.066,165.283,-59.815,
00:01:01:717,0.702,-0.475,1.391,-183.777,-92.591,-17.09,
00:01:01:734,0.347,0.164,1.152,-335.206,-114.319,16.784,
00:01:01:751,0.22,0.173,0.975,133.3,29.357,-53.101,
00:01:01:767,0.396,-0.228,0.955,283.447,90.148,-138.916,
00:01:01:784,0.349,-0.093,0.912,192.382,113.83,-110.718,
00:01:01:801,0.342,-0.112,0.758,210.449,154.602,-116.639,
00:01:01:817,0.398,-0.093,0.705,102.234,151.977,-100.342,
00:01:01:834,0.385,-0.147,0.896,-48.401,230.896,-107.361,
00:01:01:851,0.479,-0.088,0.894,-97.718,234.436,-60.914,
00:01:01:867,0.639,-0.253,1.053,-169.678,116.455,-99.06,
00:01:01:884,0.467,0.113,1.03,39.001,77.209,-147.583,
00:01:01:901,0.571,-0.024,0.953,263.61,5.798,-144.898,
00:01:01:917,0.492,-0.166,1.064,196.472,-60.303,-123.841,
00:01:01:934,0.42,-0.301,1.151,66.406,-142.334,-45.166,
00:01:01:951,0.25,-0.12,0.979,167.053,-157.898,-57.618,
00:01:01:967,0.073,0.132,0.665,327.697,0.793,-82.642,
00:01:01:984,0.2,0.136,0.692,447.326,168.213,-114.075,
00:01:02:1,0.396,-0.072,0.864,259.948,155.517,-36.927,
00:01:02:17,0.322,-0.466,0.806,83.618,168.396,-5.188,
00:01:02:34,0.508,-0.464,0.914,-151.734,109.68,-16.358,
00:01:02:51,0.568,-0.136,1.213,-145.447,120.483,-26.185,
00:01:02:67,0.642,-0.24,0.983,33.996,15.258,-48.523,
00:01:02:84,0.362,-0.208,0.409,13.183,-102.112,-36.194,
00:01:02:101,0.211,-0.279,0.658,-223.572,26.916,-33.265,
00:01:02:117,0.539,-0.123,1.148,-273.743,124.45,5.493,
00:01:02:134,0.705,-0.212,1.303,-66.346,23.742,-11.048,
00:01:02:151,0.487,-0.137,1.034,66.284,-90.882,-39.856,
00:01:02:167,0.286,-0.009,0.681,200.012,-78.064,-66.346,
00:01:02:184,0.257,-0.277,0.569,-34.119,-0.245,-18.982,
00:01:02:201,0.43,-0.015,0.835,-171.753,28.808,-0.184,
00:01:02:217,0.484,-0.195,1.084,-98.633,22.583,-5.31,
00:01:02:234,0.453,-0.152,1.156,-19.654,17.822,3.723,
00:01:02:251,0.37,-0.123,0.958,71.044,-29.908,5.493,
00:01:02:267,0.325,-0.014,0.651,111.816,-61.219,49.743,
00:01:02:284,0.263,-0.21,0.592,35.949,-62.5,64.331,
00:01:02:301,0.449,-0.167,0.969,-81.543,15.075,70.983,
00:01:02:317,0.678,-0.394,1.266,-57.496,18.432,34.484,
00:01:02:334,0.617,-0.244,1.073,14.709,-23.621,-18.799,
00:01:02:351,0.491,-0.011,0.648,112.243,-31.739,-50.171,
00:01:02:367,0.258,0.006,0.401,103.393,-26.734,-47.608,
00:01:02:384,0.267,-0.214,0.717,-82.581,41.076,-2.686,
00:01:02:401,0.444,-0.189,1.341,-73.06,71.289,5.493,
00:01:02:417,0.567,-0.299,1.297,19.104,-57.984,22.338,
00:01:02:434,0.35,-0.172,0.821,109.253,-99.793,-24.353,
00:01:02:451,0.338,-0.047,0.557,82.153,-76.539,-8.728,
00:01:02:467,0.271,-0.079,0.603,-39.368,-65.674,13.488,
00:01:02:484,0.328,-0.231,1.078,-136.719,7.629,19.165,
00:01:02:501,0.311,0.082,0.579,73.181,-35.584,-65.369,
00:01:02:517,0.355,-0.166,0.724,-29.419,37.963,-35.828,
00:01:02:534,0.424,-0.319,0.964,-133.301,16.296,-39.124,
00:01:02:551,0.492,0.011,1.026,-82.093,9.277,-27.039,
00:01:02:567,0.36,-0.073,0.901,49.011,-11.048,-28.26,
00:01:02:584,0.328,-0.285,0.888,46.142,4.699,-19.654,
00:01:02:601,0.381,-0.251,0.847,-94.849,-29.236,-12.33,
00:01:02:617,0.33,-0.109,0.852,-150.452,-15.503,0.488,
00:01:02:634,0.502,-0.214,1.022,-123.475,24.292,1.709,
00:01:02:651,0.416,-0.067,0.9,-36.255,-40.528,-19.471,
00:01:02:667,0.338,-0.037,0.779,10.925,-26.673,-13.245,
00:01:02:684,0.327,-0.183,0.844,-70.557,19.47,-7.264,
00:01:02:701,0.422,-0.221,1.01,-160.218,16.052,8.361,
00:01:02:717,0.452,-0.176,1.102,-144.593,5.432,6.713,
00:01:02:734,0.391,-0.099,1.019,-66.59,7.324,-11.841,
00:01:02:751,0.373,-0.055,0.866,-26.307,-7.081,-22.767,
00:01:02:767,0.311,-0.055,0.772,-57.312,19.226,-23.621,
00:01:02:784,0.328,-0.121,0.828,-112.915,22.766,-9.827,
00:01:02:801,0.401,-0.184,1.029,-125.794,48.4,0.915,
00:01:02:817,0.487,-0.118,1.018,-64.515,-5.738,-3.235,
00:01:02:834,0.351,0.014,0.822,7.507,-18.128,-0.428,
00:01:02:851,0.346,-0.211,0.837,-31.617,25.695,-7.691,
00:01:02:867,0.476,-0.09,0.854,-63.111,-1.587,-4.212,
00:01:02:884,0.435,-0.245,0.848,-68.909,-2.381,10.192,
00:01:02:901,0.483,-0.07,1.018,14.404,-9.583,-9.583,
00:01:02:917,0.431,-0.297,0.815,30.395,-27.283,-10.926,
00:01:02:934,0.328,-0.042,0.756,-19.898,-7.142,-18.372,
00:01:02:951,0.403,-0.121,0.919,-27.283,30.883,7.202,
00:01:02:967,0.37,-0.107,1.056,-66.651,18.31,5.127,
00:01:02:984,0.395,-0.135,0.995,-53.589,0.915,-8.24,
00:01:03:1,0.346,-0.025,0.86,-27.588,-15.259,-10.01,
00:01:03:17,0.275,-0.133,0.888,-28.199,14.465,0.793,
00:01:03:34,0.313,-0.018,0.975,-80.079,5.798,7.751,
00:01:03:51,0.358,-0.098,1.01,-64.881,12.451,15.502,
00:01:03:67,0.337,-0.053,0.916,-41.993,10.559,10.07,
00:01:03:84,0.346,-0.079,0.803,11.657,17.456,27.099,
00:01:03:101,0.21,0.003,0.93,-51.026,57.251,29.968,
00:01:03:117,0.409,-0.191,1.11,-123.841,77.087,44.311,
00:01:03:134,0.499,-0.032,1.03,-157.166,65.856,32.775,
00:01:03:151,0.335,0.062,0.779,-43.335,71.472,34.179,
00:01:03:167,0.418,-0.156,0.797,28.625,110.534,29.846,
00:01:03:184,0.476,-0.26,0.992,-85.144,100.83,28.381,
00:01:03:201,0.587,-0.141,1.184,-211.853,107.422,27.71,
00:01:03:217,0.601,-0.065,1.007,-236.023,102.905,31.127,
00:01:03:234,0.332,0.248,0.83,-161.011,121.643,46.325,
00:01:03:251,0.315,-0.147,0.855,-35.096,178.711,96.191,
00:01:03:267,0.354,-0.307,0.974,-158.692,160.034,103.027,
00:01:03:284,0.434,-0.163,1.104,-288.025,163.879,115.478,
00:01:03:301,0.41,-0.048,1.102,-239.136,197.143,162.17,
00:01:03:317,0.246,-0.203,0.719,-133.484,203.979,243.53,
00:01:03:334,0.334,0.034,0.936,-311.28,257.812,268.005,
00:01:03:351,0.397,0.243,0.978,-231.751,305.053,346.191,
00:01:03:367,0.421,0.004,0.979,-131.165,384.277,391.601,
00:01:03:384,0.612,0.004,0.885,-102.539,404.113,356.628,
00:01:03:401,0.829,0.104,0.829,-24.659,348.571,316.345,
00:01:03:417,1.001,0.116,0.741,146.057,251.464,275.39,
00:01:03:434,1.168,-0.126,0.637,179.931,152.221,266.723,
00:01:03:451,1.189,-0.213,0.556,-20.386,77.27,223.266,
00:01:03:467,1.133,-0.158,0.453,-145.569,-10.682,150.024,
00:01:03:484,1.14,-0.024,0.328,-164.612,-104.126,52.49,
00:01:03:501,1.122,-0.042,0.594,21.789,-578.98,-244.568,
00:01:03:517,0.972,-0.186,0.69,30.578,-596.863,-323.609,
00:01:03:534,0.938,-0.265,0.733,45.044,-571.717,-346.558,
00:01:03:551,0.9,-0.209,0.779,104.98,-538.086,-351.99,
00:01:03:567,0.801,-0.19,0.732,191.467,-462.769,-353.699,
00:01:03:584,0.685,-0.085,0.538,173.767,-446.9,-352.356,
00:01:03:601,0.5,0.02,0.361,126.098,-461.853,-399.353,
00:01:03:617,0.391,-0.071,0.402,-28.443,-449.585,-375.489,
00:01:03:634,0.338,-0.051,0.556,-216.797,-427.063,-328.003,
00:01:03:651,0.236,0.007,0.746,-264.283,-365.357,-317.688,
00:01:03:667,0.17,0.081,0.847,-182.74,-310.547,-256.775,
00:01:03:684,0.11,0.16,0.883,5.493,-231.629,-223.877,
00:01:03:701,0.055,0.122,0.828,162.78,-166.81,-159.18,
00:01:03:717,-0.005,0.027,0.811,128.784,-107.85,-76.783,
00:01:03:734,-0.023,0.107,0.787,25.878,-91.614,-6.409,
00:01:03:751,-0.109,0.097,0.906,-65.979,-53.284,4.882,
00:01:03:767,-0.106,0.101,0.979,-184.937,1.586,50.903,
00:01:03:784,-0.115,0.206,1.062,-205.201,25.817,89.294,
00:01:03:801,-0.085,0.258,1.103,-60.486,39.001,108.886,
00:01:03:817,-0.055,0.07,1.123,30.09,72.143,141.418,
00:01:03:834,0.005,0.06,1.086,34.973,53.527,171.875,
00:01:03:851,0.052,-0.024,1.152,-27.161,60.852,153.259,
00:01:03:867,0.155,0.145,1.145,-36.866,-4.456,143.982,
00:01:03:884,0.18,0.181,1.12,137.512,-41.687,86.975,
00:01:03:901,0.153,0.019,1.02,192.138,-102.662,73.791,
00:01:03:917,0.125,0.024,1.019,132.446,-193.97,92.285,
00:01:03:934,0.059,0.142,1.047,129.089,-211.853,70.007,
00:01:03:951,0.025,0.233,0.997,165.71,-163.636,43.09,
00:01:03:967,0.127,0.331,1.175,204.467,-236.878,-55.848,
00:01:03:984,0.171,0.447,1.219,28.198,-423.645,123.779,
00:01:04:1,-0.152,0.353,1.288,462.89,-261.414,155.456,
00:01:04:17,-0.141,-0.256,1.057,686.157,-47.12,96.13,
00:01:04:34,0.061,-0.139,1.031,470.886,-41.077,106.811,
00:01:04:51,0.108,0.224,1.37,360.229,-171.448,175.293,
00:01:04:67,0.074,0.25,1.244,356.689,-64.393,196.35,
00:01:04:84,0.175,0.081,1.065,187.378,-80.506,138.183,
00:01:04:101,0.077,0.122,0.961,101.928,-54.078,100.341,
00:01:04:117,0.104,-0.003,0.897,84.655,-39.917,48.278,
00:01:04:134,0.098,0.089,0.885,37.353,-68.238,41.442,
00:01:04:151,0.118,-0.156,0.993,-68.97,-28.199,15.625,
00:01:04:167,0.204,-0.108,1.013,-180.603,-33.814,35.827,
00:01:04:184,0.24,-0.132,1.044,-168.641,-17.762,12.146,
00:01:04:201,0.232,0.057,1.046,-79.224,-48.035,20.935,
00:01:04:217,0.248,0.007,0.949,10.742,-59.205,26.367,
00:01:04:234,0.213,-0.301,1.134,-65.796,-4.761,-2.991,
00:01:04:251,0.352,-0.099,1.171,-184.021,15.258,5.249,
00:01:04:267,0.222,0.094,1.008,-70.313,1.892,8.85,
00:01:04:284,0.232,-0.086,0.878,7.202,31.189,15.014,
00:01:04:301,0.134,-0.164,0.937,-82.337,42.358,15.502,
00:01:04:317,0.19,-0.048,1.078,-127.137,75.744,-0.061,
00:01:04:334,0.083,0.047,1.075,-147.095,64.453,26.001,
00:01:04:351,0.091,0.057,0.937,-59.876,64.514,46.752,
00:01:04:367,0.094,-0.032,0.861,-36.499,47.18,65.002,
00:01:04:384,0.037,-0.006,0.893,-150.818,37.231,89.416,
00:01:04:401,-0.002,-0.077,1.066,-199.036,67.749,94.787,
00:01:04:417,0.177,0.087,1.142,-154.419,114.868,90.087,
00:01:04:434,0.14,0.127,1.023,-60.425,119.995,100.708,
00:01:04:451,0.227,0.017,0.921,-80.384,162.536,73.852,
00:01:04:467,0.215,0.03,0.936,-169.312,185.608,41.503,
00:01:04:484,0.251,0.01,0.956,-184.021,184.143,29.602,
00:01:04:501,0.309,-0.033,0.908,-118.775,190.857,32.226,
00:01:04:517,0.374,-0.088,0.877,-154.786,173.095,37.841,
00:01:04:534,0.335,-0.08,1.026,-218.628,190.124,29.052,
00:01:04:551,0.392,-0.01,1.116,-185.669,187.317,40.588,
00:01:04:567,0.425,0.004,1.009,-60.059,166.809,43.396,
00:01:04:584,0.4,0.012,0.842,27.343,119.995,46.997,
00:01:04:601,0.286,-0.025,0.794,-23.011,116.027,47.302,
00:01:04:617,0.275,-0.087,0.904,-126.709,168.823,39.428,
00:01:04:634,0.324,-0.013,1.041,-231.08,154.419,66.65,
00:01:04:651,0.309,0.019,1.148,-225.159,111.999,88.073,
00:01:04:667,0.22,0.028,1.19,-159.424,143.493,143.676,
00:01:04:684,0.222,0.038,1.051,-20.874,174.621,179.321,
00:01:04:701,0.218,0.036,0.959,-36.072,209.9,202.148,
00:01:04:717,0.311,0.08,0.939,-131.775,227.722,212.341,
00:01:04:734,0.285,0.178,0.901,-185.425,223.327,212.768,
00:01:04:751,0.315,0.243,0.835,-114.808,363.708,155.151,
00:01:04:767,0.466,0.119,0.806,-61.097,429.443,72.204,
00:01:04:784,0.574,0.035,0.892,-100.769,396.179,54.931,
00:01:04:801,0.781,-0.247,1.138,-251.831,192.443,59.631,
00:01:04:817,0.419,0.321,0.904,-145.63,194.397,177.002,
00:01:04:834,0.514,0.001,0.786,17.028,241.15,78.918,
00:01:04:851,0.616,0.09,0.837,109.863,227.111,79.773,
00:01:04:867,0.755,-0.149,0.893,50.048,158.447,92.346,
00:01:04:884,0.807,-0.117,0.864,-1.282,47.485,125.793,
00:01:04:901,0.888,-0.139,0.895,-44.007,-66.651,103.088,
00:01:04:917,0.983,-0.086,0.944,-43.213,-147.583,72.387,
00:01:04:934,1.041,-0.061,0.845,123.413,-217.591,8.422,
00:01:04:951,1.113,-0.129,0.777,241.088,-379.7,-112.977,
00:01:04:967,0.941,-0.047,0.7,175.415,-462.22,-178.65,
00:01:04:984,0.89,-0.036,0.711,27.648,-516.175,-228.943,
00:01:05:1,0.781,0.112,0.835,-40.467,-538.697,-244.324,
00:01:05:17,0.731,0.064,0.849,25.695,-536.072,-242.432,
00:01:05:34,0.682,-0.017,0.854,63.415,-539.856,-246.888,
00:01:05:51,0.614,-0.089,0.791,146.545,-522.095,-244.812,
00:01:05:67,0.498,-0.187,0.7,125.854,-512.269,-260.071,
00:01:05:84,0.383,-0.133,0.586,62.988,-496.827,-293.396,
00:01:05:101,0.308,-0.17,0.544,-59.998,-441.163,-325.135,
00:01:05:117,0.237,-0.067,0.595,-139.405,-409.852,-327.515,
00:01:05:134,0.179,-0.058,0.696,-90.699,-330.872,-329.224,
00:01:05:151,0.089,-0.172,0.755,-27.894,-262.879,-318.543,
00:01:05:167,-0.008,-0.12,0.76,73.364,-225.281,-315.918,
00:01:05:184,-0.147,-0.031,0.773,151.916,-168.03,-292.664,
00:01:05:201,-0.162,0.043,0.8,269.775,-94.91,-274.292,
00:01:05:217,-0.149,-0.001,0.848,298.034,-55.481,-201.844,
00:01:05:234,-0.157,0.123,0.886,399.475,-105.286,-138.977,
00:01:05:251,-0.237,0.028,0.926,433.593,-122.071,-101.746,
00:01:05:267,-0.198,0.102,0.963,312.439,-112.305,-46.814,
00:01:05:284,-0.157,0.22,1.037,248.779,-151.612,12.817,
00:01:05:301,-0.161,0.2,1.084,225.769,-184.632,103.21,
00:01:05:317,-0.142,0.116,1.182,220.459,-220.887,171.02,
00:01:05:334,-0.197,0.137,1.229,231.384,-269.532,204.284,
00:01:05:351,-0.227,0.154,1.242,239.013,-255.066,203.186,
00:01:05:367,-0.205,0.229,1.297,229.309,-222.718,209.167,
00:01:05:384,-0.148,0.197,1.277,244.323,-193.299,234.741,
00:01:05:401,-0.142,0.121,1.244,226.867,-200.806,264.77,
00:01:05:417,-0.108,0.105,1.182,183.471,-187.745,237.671,
00:01:05:434,-0.077,0.046,1.184,81.726,-132.569,172.729,
00:01:05:451,0.026,0.041,1.08,64.392,-138.123,146.24,
00:01:05:467,-0.014,-0.054,1.014,53.466,-139.161,89.782,
00:01:05:484,-0.001,-0.081,0.996,-38.086,-98.45,41.503,
00:01:05:501,0.023,-0.047,1.046,-49.805,-64.454,-3.785,
00:01:05:517,-0.012,0.02,1.052,13.366,-35.889,-40.345,
00:01:05:534,-0.061,-0.015,1.011,91.98,16.723,-73.121,
00:01:05:551,-0.066,-0.051,0.976,133.422,39.245,-74.585,
00:01:05:567,-0.071,-0.147,0.951,165.649,43.518,-75.196,
00:01:05:584,-0.047,-0.12,0.972,110.901,40.527,-88.318,
00:01:05:601,-0.034,-0.148,0.998,50.842,30.639,-92.896,
00:01:05:617,-0.097,-0.084,1.069,-13.123,-11.475,-105.347,
00:01:05:634,-0.18,0.03,1.163,30.639,-2.808,-132.264,
00:01:05:651,-0.195,0.03,1.147,137.329,5.737,-120.606,
00:01:05:667,-0.259,-0.111,1.109,109.253,-77.576,-103.394,
00:01:05:684,-0.311,-0.076,1.111,-53.284,-114.014,-93.75,
00:01:05:701,-0.367,-0.01,1.099,-176.148,-162.842,-100.831,
00:01:05:717,-0.378,0.068,1.131,-217.041,-181.946,-130.066,
00:01:05:734,-0.399,0.05,1.065,-298.035,-204.712,-120.728,
00:01:05:751,-0.453,0.06,1.007,-415.039,-226.075,-127.015,
00:01:05:767,-0.547,0.055,1.044,-467.591,-210.755,-132.508,
00:01:05:784,-0.526,0.135,1.173,-506.104,-177.43,-122.193,
00:01:05:801,-0.547,0.068,1.267,-490.723,-122.193,-115.418,
00:01:05:817,-0.445,-0.03,1.261,-362.488,-69.519,-63.355,
00:01:05:834,-0.261,-0.353,1.177,-445.557,-140.442,13.855,
00:01:05:851,-0.122,-0.241,1.25,-661.805,-264.588,188.598,
